
-- Initial Matrix --
A | 0.77
C | 0.23
B | 0.00
-- Transition Matrix --
	A	B	C
A |	0.8518	0.0000	0.1482
B |	0.5071	0.0000	0.4929
C |	0.2082	0.0000	0.7918
-- Emission Matrix --
	1	2	3	4
A |	0.423	0.429	0.101	0.047
B |	0.106	0.286	0.470	0.138
C |	0.112	0.081	0.178	0.629

-- Initial Matrix --
A | 0.83
C | 0.08
B | 0.09
-- Transition Matrix --
	A	B	C
A |	0.8390	0.0163	0.1446
B |	0.2616	0.6343	0.1041
C |	0.1856	0.0154	0.7991
-- Emission Matrix --
	1	2	3	4
A |	0.342	0.521	0.115	0.022
B |	0.213	0.687	0.094	0.006
C |	0.145	0.080	0.180	0.594
