
-- Initial Matrix --
A | 0.70
C | 0.22
B | 0.07
-- Transition Matrix --
	A	B	C
A |	0.7739	0.0603	0.1658
B |	0.6606	0.2794	0.0600
C |	0.0562	0.1252	0.8187
-- Emission Matrix --
	1	2	3	4
A |	0.532	0.351	0.031	0.086
B |	0.000	0.357	0.509	0.133
C |	0.142	0.145	0.159	0.554

-- Initial Matrix --
A | 0.67
C | 0.22
B | 0.10
-- Transition Matrix --
	A	B	C
A |	0.7743	0.0603	0.1654
B |	0.6655	0.2774	0.0571
C |	0.0552	0.1252	0.8196
-- Emission Matrix --
	1	2	3	4
A |	0.534	0.351	0.030	0.085
B |	0.003	0.353	0.520	0.123
C |	0.142	0.146	0.159	0.553
