
-- Initial Matrix --
A | 0.72
C | 0.19
B | 0.09
-- Transition Matrix --
	A	B	C
A |	0.8550	0.0432	0.1018
B |	0.1337	0.5522	0.3141
C |	0.1283	0.1073	0.7644
-- Emission Matrix --
	1	2	3	4
A |	0.465	0.416	0.026	0.093
B |	0.211	0.283	0.379	0.127
C |	0.041	0.109	0.109	0.741

-- Initial Matrix --
A | 0.37
C | 0.27
B | 0.35
-- Transition Matrix --
	A	B	C
A |	0.6962	0.2479	0.0558
B |	0.3499	0.1704	0.4796
C |	0.2533	0.2335	0.5132
-- Emission Matrix --
	1	2	3	4
A |	0.007	0.749	0.003	0.240
B |	0.186	0.058	0.743	0.014
C |	0.492	0.283	0.058	0.167
