
-- Initial Matrix --
A | 0.70
C | 0.16
B | 0.14
-- Transition Matrix --
	A	B	C
A |	0.8744	0.0503	0.0752
B |	0.1008	0.5883	0.3109
C |	0.1265	0.1273	0.7462
-- Emission Matrix --
	1	2	3	4
A |	0.480	0.372	0.079	0.069
B |	0.125	0.281	0.413	0.181
C |	0.122	0.117	0.033	0.729

-- Initial Matrix --
A | 0.70
C | 0.16
B | 0.14
-- Transition Matrix --
	A	B	C
A |	0.8755	0.0499	0.0746
B |	0.0964	0.5922	0.3114
C |	0.1284	0.1271	0.7445
-- Emission Matrix --
	1	2	3	4
A |	0.480	0.371	0.079	0.070
B |	0.123	0.285	0.411	0.181
C |	0.119	0.117	0.031	0.733
