
-- Initial Matrix --
A | 0.62
C | 0.22
B | 0.16
-- Transition Matrix --
	A	B	C
A |	0.7831	0.0845	0.1324
B |	0.4106	0.5053	0.0841
C |	0.2133	0.0164	0.7702
-- Emission Matrix --
	1	2	3	4
A |	0.467	0.432	0.062	0.039
B |	0.035	0.215	0.383	0.367
C |	0.082	0.061	0.143	0.714

-- Initial Matrix --
A | 0.38
C | 0.47
B | 0.14
-- Transition Matrix --
	A	B	C
A |	0.5841	0.3223	0.0936
B |	0.3962	0.3081	0.2957
C |	0.1853	0.0104	0.8043
-- Emission Matrix --
	1	2	3	4
A |	0.078	0.377	0.387	0.158
B |	0.067	0.004	0.862	0.066
C |	0.466	0.110	0.182	0.242
