
-- Initial Matrix --
A | 0.83
C | 0.17
B | 0.00
-- Transition Matrix --
	A	B	C
A |	0.8345	0.0001	0.1654
B |	0.0263	0.0085	0.9652
C |	0.2131	0.0001	0.7868
-- Emission Matrix --
	1	2	3	4
A |	0.498	0.391	0.088	0.023
B |	0.018	0.471	0.511	0.000
C |	0.069	0.169	0.148	0.615

-- Initial Matrix --
A | 0.60
C | 0.13
B | 0.27
-- Transition Matrix --
	A	B	C
A |	0.7904	0.0546	0.1550
B |	0.7122	0.0732	0.2147
C |	0.1953	0.0788	0.7259
-- Emission Matrix --
	1	2	3	4
A |	0.506	0.384	0.081	0.029
B |	0.177	0.110	0.033	0.680
C |	0.132	0.130	0.135	0.603
