
-- Initial Matrix --
A | 0.70
C | 0.22
B | 0.07
-- Transition Matrix --
	A	B	C
A |	0.7739	0.0603	0.1658
B |	0.6606	0.2794	0.0600
C |	0.0562	0.1252	0.8187
-- Emission Matrix --
	1	2	3	4
A |	0.532	0.351	0.031	0.086
B |	0.000	0.357	0.509	0.133
C |	0.142	0.145	0.159	0.554

-- Initial Matrix --
A | 0.66
C | 0.15
B | 0.19
-- Transition Matrix --
	A	B	C
A |	0.7570	0.0689	0.1741
B |	0.7091	0.2235	0.0674
C |	0.0659	0.1206	0.8135
-- Emission Matrix --
	1	2	3	4
A |	0.519	0.360	0.038	0.084
B |	0.122	0.304	0.445	0.129
C |	0.140	0.153	0.163	0.543
