
-- Initial Matrix --
A | 0.77
C | 0.23
B | 0.00
-- Transition Matrix --
	A	B	C
A |	0.8518	0.0000	0.1482
B |	0.5071	0.0000	0.4929
C |	0.2082	0.0000	0.7918
-- Emission Matrix --
	1	2	3	4
A |	0.423	0.429	0.101	0.047
B |	0.106	0.286	0.470	0.138
C |	0.112	0.081	0.178	0.629

-- Initial Matrix --
A | 0.50
C | 0.39
B | 0.11
-- Transition Matrix --
	A	B	C
A |	0.6262	0.2040	0.1697
B |	0.0119	0.3747	0.6134
C |	0.2050	0.1591	0.6358
-- Emission Matrix --
	1	2	3	4
A |	0.285	0.413	0.113	0.189
B |	0.524	0.138	0.094	0.244
C |	0.055	0.399	0.281	0.265
