
-- Initial Matrix --
A | 0.62
C | 0.20
B | 0.18
-- Transition Matrix --
	A	B	C
A |	0.7866	0.0791	0.1343
B |	0.2763	0.5766	0.1470
C |	0.1058	0.1236	0.7706
-- Emission Matrix --
	1	2	3	4
A |	0.391	0.507	0.029	0.073
B |	0.344	0.109	0.428	0.119
C |	0.126	0.096	0.132	0.645

-- Initial Matrix --
A | 0.62
C | 0.20
B | 0.18
-- Transition Matrix --
	A	B	C
A |	0.7868	0.0792	0.1341
B |	0.2761	0.5774	0.1465
C |	0.1062	0.1238	0.7700
-- Emission Matrix --
	1	2	3	4
A |	0.391	0.506	0.029	0.073
B |	0.344	0.110	0.428	0.119
C |	0.127	0.096	0.132	0.644
