
-- Initial Matrix --
A | 0.63
C | 0.19
B | 0.18
-- Transition Matrix --
	A	B	C
A |	0.8290	0.0968	0.0742
B |	0.1840	0.5446	0.2714
C |	0.1129	0.1422	0.7449
-- Emission Matrix --
	1	2	3	4
A |	0.421	0.417	0.068	0.094
B |	0.237	0.211	0.473	0.079
C |	0.084	0.148	0.092	0.676

-- Initial Matrix --
A | 0.66
C | 0.24
B | 0.09
-- Transition Matrix --
	A	B	C
A |	0.8390	0.0962	0.0648
B |	0.1407	0.5817	0.2776
C |	0.1336	0.1551	0.7113
-- Emission Matrix --
	1	2	3	4
A |	0.424	0.414	0.063	0.099
B |	0.225	0.236	0.483	0.056
C |	0.076	0.162	0.111	0.651
