
-- Initial Matrix --
A | 0.74
C | 0.26
B | 0.00
-- Transition Matrix --
	A	B	C
A |	0.8723	0.0000	0.1277
B |	0.5229	0.0000	0.4771
C |	0.2478	0.0000	0.7522
-- Emission Matrix --
	1	2	3	4
A |	0.446	0.425	0.082	0.048
B |	0.069	0.572	0.013	0.346
C |	0.079	0.139	0.159	0.622

-- Initial Matrix --
A | 0.73
C | 0.23
B | 0.03
-- Transition Matrix --
	A	B	C
A |	0.8710	0.0001	0.1289
B |	0.0345	0.4775	0.4880
C |	0.2556	0.0020	0.7424
-- Emission Matrix --
	1	2	3	4
A |	0.446	0.424	0.081	0.049
B |	0.237	0.220	0.262	0.281
C |	0.078	0.139	0.161	0.622
