
-- Initial Matrix --
A | 0.72
C | 0.19
B | 0.09
-- Transition Matrix --
	A	B	C
A |	0.8550	0.0432	0.1018
B |	0.1337	0.5522	0.3141
C |	0.1283	0.1073	0.7644
-- Emission Matrix --
	1	2	3	4
A |	0.465	0.416	0.026	0.093
B |	0.211	0.283	0.379	0.127
C |	0.041	0.109	0.109	0.741

-- Initial Matrix --
A | 0.76
C | 0.15
B | 0.09
-- Transition Matrix --
	A	B	C
A |	0.8526	0.0463	0.1011
B |	0.1190	0.5626	0.3183
C |	0.1277	0.1149	0.7574
-- Emission Matrix --
	1	2	3	4
A |	0.461	0.422	0.019	0.099
B |	0.213	0.275	0.379	0.133
C |	0.035	0.105	0.109	0.751
