
-- Initial Matrix --
A | 0.68
C | 0.32
B | 0.00
-- Transition Matrix --
	A	B	C
A |	0.8810	0.0000	0.1190
B |	0.0291	0.0001	0.9709
C |	0.1571	0.0000	0.8429
-- Emission Matrix --
	1	2	3	4
A |	0.385	0.375	0.147	0.092
B |	0.165	0.222	0.403	0.211
C |	0.084	0.112	0.149	0.655

-- Initial Matrix --
A | 0.41
C | 0.10
B | 0.50
-- Transition Matrix --
	A	B	C
A |	0.8295	0.0505	0.1200
B |	0.2504	0.3345	0.4151
C |	0.0564	0.0188	0.9248
-- Emission Matrix --
	1	2	3	4
A |	0.327	0.306	0.282	0.085
B |	0.669	0.174	0.021	0.135
C |	0.147	0.094	0.149	0.610
