
-- Initial Matrix --
A | 0.69
C | 0.30
B | 0.01
-- Transition Matrix --
	A	B	C
A |	0.9116	0.0078	0.0807
B |	0.6955	0.0422	0.2623
C |	0.1229	0.0100	0.8671
-- Emission Matrix --
	1	2	3	4
A |	0.394	0.385	0.119	0.102
B |	0.422	0.123	0.264	0.192
C |	0.114	0.133	0.113	0.640

-- Initial Matrix --
A | 0.67
C | 0.31
B | 0.02
-- Transition Matrix --
	A	B	C
A |	0.6282	0.1755	0.1964
B |	0.0571	0.4493	0.4936
C |	0.4622	0.1470	0.3908
-- Emission Matrix --
	1	2	3	4
A |	0.224	0.375	0.242	0.159
B |	0.106	0.058	0.720	0.115
C |	0.397	0.036	0.201	0.366
