
-- Initial Matrix --
A | 0.66
C | 0.22
B | 0.12
-- Transition Matrix --
	A	B	C
A |	0.8566	0.0700	0.0734
B |	0.2168	0.3278	0.4554
C |	0.1633	0.1223	0.7144
-- Emission Matrix --
	1	2	3	4
A |	0.436	0.439	0.062	0.063
B |	0.147	0.384	0.417	0.053
C |	0.083	0.099	0.079	0.739

-- Initial Matrix --
A | 0.33
C | 0.53
B | 0.14
-- Transition Matrix --
	A	B	C
A |	0.5666	0.2122	0.2212
B |	0.4593	0.3245	0.2163
C |	0.2228	0.2303	0.5469
-- Emission Matrix --
	1	2	3	4
A |	0.223	0.367	0.315	0.095
B |	0.276	0.371	0.132	0.221
C |	0.181	0.060	0.327	0.432
