
-- Initial Matrix --
A | 0.64
C | 0.36
B | 0.00
-- Transition Matrix --
	A	B	C
A |	0.8850	0.0000	0.1150
B |	0.0654	0.0000	0.9346
C |	0.2248	0.0000	0.7752
-- Emission Matrix --
	1	2	3	4
A |	0.415	0.463	0.073	0.049
B |	0.802	0.002	0.194	0.002
C |	0.120	0.125	0.149	0.606

-- Initial Matrix --
A | 0.62
C | 0.35
B | 0.03
-- Transition Matrix --
	A	B	C
A |	0.8855	0.0027	0.1118
B |	0.1705	0.1536	0.6758
C |	0.2203	0.0030	0.7767
-- Emission Matrix --
	1	2	3	4
A |	0.412	0.460	0.074	0.054
B |	0.549	0.061	0.379	0.011
C |	0.121	0.122	0.150	0.607
