
-- Initial Matrix --
A | 0.69
C | 0.19
B | 0.12
-- Transition Matrix --
	A	B	C
A |	0.8398	0.0649	0.0953
B |	0.2395	0.5610	0.1994
C |	0.1467	0.0673	0.7859
-- Emission Matrix --
	1	2	3	4
A |	0.416	0.418	0.087	0.078
B |	0.168	0.172	0.391	0.269
C |	0.100	0.090	0.101	0.709

-- Initial Matrix --
A | 0.65
C | 0.18
B | 0.17
-- Transition Matrix --
	A	B	C
A |	0.8405	0.0645	0.0950
B |	0.2399	0.5622	0.1979
C |	0.1463	0.0675	0.7861
-- Emission Matrix --
	1	2	3	4
A |	0.417	0.418	0.087	0.078
B |	0.169	0.172	0.390	0.268
C |	0.100	0.090	0.101	0.709
