
-- Initial Matrix --
A | 0.75
C | 0.17
B | 0.08
-- Transition Matrix --
	A	B	C
A |	0.8211	0.0611	0.1178
B |	0.4650	0.2274	0.3076
C |	0.1647	0.0540	0.7813
-- Emission Matrix --
	1	2	3	4
A |	0.415	0.406	0.109	0.070
B |	0.253	0.256	0.309	0.182
C |	0.101	0.094	0.139	0.665

-- Initial Matrix --
A | 0.75
C | 0.16
B | 0.08
-- Transition Matrix --
	A	B	C
A |	0.8228	0.0598	0.1174
B |	0.4637	0.2311	0.3052
C |	0.1652	0.0532	0.7816
-- Emission Matrix --
	1	2	3	4
A |	0.416	0.406	0.108	0.070
B |	0.262	0.246	0.306	0.185
C |	0.102	0.094	0.140	0.665
