
-- Initial Matrix --
A | 0.67
C | 0.23
B | 0.10
-- Transition Matrix --
	A	B	C
A |	0.8126	0.0722	0.1151
B |	0.2924	0.5710	0.1366
C |	0.1746	0.0483	0.7771
-- Emission Matrix --
	1	2	3	4
A |	0.434	0.416	0.077	0.073
B |	0.156	0.182	0.397	0.265
C |	0.093	0.099	0.131	0.677

-- Initial Matrix --
A | 0.03
C | 0.36
B | 0.61
-- Transition Matrix --
	A	B	C
A |	0.7600	0.0350	0.2050
B |	0.1722	0.6328	0.1949
C |	0.2088	0.0037	0.7875
-- Emission Matrix --
	1	2	3	4
A |	0.434	0.418	0.071	0.076
B |	0.256	0.193	0.298	0.253
C |	0.100	0.084	0.170	0.646
