
-- Initial Matrix --
A | 0.67
C | 0.23
B | 0.10
-- Transition Matrix --
	A	B	C
A |	0.8126	0.0722	0.1151
B |	0.2924	0.5710	0.1366
C |	0.1746	0.0483	0.7771
-- Emission Matrix --
	1	2	3	4
A |	0.434	0.416	0.077	0.073
B |	0.156	0.182	0.397	0.265
C |	0.093	0.099	0.131	0.677

-- Initial Matrix --
A | 0.70
C | 0.21
B | 0.09
-- Transition Matrix --
	A	B	C
A |	0.8126	0.0723	0.1152
B |	0.2929	0.5715	0.1356
C |	0.1773	0.0476	0.7751
-- Emission Matrix --
	1	2	3	4
A |	0.434	0.416	0.077	0.073
B |	0.154	0.182	0.398	0.266
C |	0.094	0.098	0.132	0.676
