
-- Initial Matrix --
A | 0.71
C | 0.17
B | 0.13
-- Transition Matrix --
	A	B	C
A |	0.8423	0.0667	0.0909
B |	0.2441	0.5484	0.2076
C |	0.1491	0.0750	0.7759
-- Emission Matrix --
	1	2	3	4
A |	0.422	0.438	0.074	0.066
B |	0.218	0.115	0.389	0.277
C |	0.099	0.113	0.095	0.693

-- Initial Matrix --
A | 0.67
C | 0.19
B | 0.14
-- Transition Matrix --
	A	B	C
A |	0.8409	0.0679	0.0912
B |	0.2509	0.5471	0.2021
C |	0.1474	0.0765	0.7761
-- Emission Matrix --
	1	2	3	4
A |	0.421	0.439	0.074	0.066
B |	0.216	0.126	0.381	0.276
C |	0.101	0.113	0.095	0.692
