
-- Initial Matrix --
A | 0.79
C | 0.20
B | 0.01
-- Transition Matrix --
	A	B	C
A |	0.8548	0.0144	0.1308
B |	0.4533	0.1246	0.4221
C |	0.1773	0.0154	0.8073
-- Emission Matrix --
	1	2	3	4
A |	0.386	0.396	0.124	0.094
B |	0.136	0.201	0.473	0.190
C |	0.097	0.095	0.136	0.672

-- Initial Matrix --
A | 0.02
C | 0.05
B | 0.92
-- Transition Matrix --
	A	B	C
A |	0.8493	0.0261	0.1246
B |	0.6817	0.0871	0.2312
C |	0.2066	0.0346	0.7587
-- Emission Matrix --
	1	2	3	4
A |	0.371	0.402	0.121	0.105
B |	0.272	0.021	0.158	0.549
C |	0.107	0.031	0.147	0.715
