
-- Initial Matrix --
A | 0.75
C | 0.25
B | 0.00
-- Transition Matrix --
	A	B	C
A |	0.8815	0.0046	0.1139
B |	0.5492	0.0475	0.4033
C |	0.1569	0.0042	0.8390
-- Emission Matrix --
	1	2	3	4
A |	0.407	0.402	0.108	0.083
B |	0.148	0.166	0.515	0.171
C |	0.109	0.115	0.154	0.623

-- Initial Matrix --
A | 0.50
C | 0.40
B | 0.09
-- Transition Matrix --
	A	B	C
A |	0.8787	0.0049	0.1163
B |	0.5563	0.0460	0.3978
C |	0.1519	0.0156	0.8325
-- Emission Matrix --
	1	2	3	4
A |	0.402	0.404	0.109	0.085
B |	0.334	0.189	0.265	0.212
C |	0.111	0.113	0.160	0.616
