
-- Initial Matrix --
A | 0.76
C | 0.24
B | 0.00
-- Transition Matrix --
	A	B	C
A |	0.8679	0.0004	0.1318
B |	0.6699	0.0787	0.2514
C |	0.1852	0.0001	0.8147
-- Emission Matrix --
	1	2	3	4
A |	0.417	0.408	0.104	0.071
B |	0.088	0.048	0.762	0.101
C |	0.107	0.101	0.152	0.640

-- Initial Matrix --
A | 0.76
C | 0.24
B | 0.00
-- Transition Matrix --
	A	B	C
A |	0.8679	0.0004	0.1317
B |	0.7160	0.0458	0.2382
C |	0.1852	0.0001	0.8147
-- Emission Matrix --
	1	2	3	4
A |	0.417	0.408	0.104	0.071
B |	0.053	0.050	0.778	0.119
C |	0.107	0.101	0.152	0.640
