
-- Initial Matrix --
A | 0.71
C | 0.18
B | 0.11
-- Transition Matrix --
	A	B	C
A |	0.8349	0.0758	0.0892
B |	0.3260	0.5150	0.1591
C |	0.1318	0.0540	0.8142
-- Emission Matrix --
	1	2	3	4
A |	0.415	0.435	0.082	0.069
B |	0.183	0.149	0.394	0.274
C |	0.108	0.110	0.112	0.670

-- Initial Matrix --
A | 0.71
C | 0.18
B | 0.11
-- Transition Matrix --
	A	B	C
A |	0.8349	0.0759	0.0892
B |	0.3260	0.5151	0.1589
C |	0.1318	0.0540	0.8142
-- Emission Matrix --
	1	2	3	4
A |	0.415	0.435	0.082	0.069
B |	0.183	0.149	0.394	0.274
C |	0.108	0.110	0.112	0.670
