
-- Initial Matrix --
A | 0.72
C | 0.27
B | 0.01
-- Transition Matrix --
	A	B	C
A |	0.8610	0.0094	0.1297
B |	0.5276	0.0645	0.4079
C |	0.1725	0.0090	0.8185
-- Emission Matrix --
	1	2	3	4
A |	0.411	0.398	0.107	0.084
B |	0.234	0.170	0.420	0.177
C |	0.099	0.112	0.155	0.634

-- Initial Matrix --
A | 0.94
C | 0.02
B | 0.04
-- Transition Matrix --
	A	B	C
A |	0.8685	0.0125	0.1190
B |	0.5003	0.2739	0.2259
C |	0.1700	0.0163	0.8137
-- Emission Matrix --
	1	2	3	4
A |	0.409	0.400	0.110	0.081
B |	0.039	0.042	0.453	0.465
C |	0.096	0.105	0.157	0.642
