
-- Initial Matrix --
A | 0.71
C | 0.18
B | 0.11
-- Transition Matrix --
	A	B	C
A |	0.8349	0.0758	0.0892
B |	0.3260	0.5150	0.1591
C |	0.1318	0.0540	0.8142
-- Emission Matrix --
	1	2	3	4
A |	0.415	0.435	0.082	0.069
B |	0.183	0.149	0.394	0.274
C |	0.108	0.110	0.112	0.670

-- Initial Matrix --
A | 0.73
C | 0.16
B | 0.11
-- Transition Matrix --
	A	B	C
A |	0.8360	0.0764	0.0875
B |	0.3238	0.5214	0.1548
C |	0.1322	0.0517	0.8161
-- Emission Matrix --
	1	2	3	4
A |	0.414	0.434	0.084	0.067
B |	0.185	0.143	0.395	0.276
C |	0.105	0.111	0.113	0.671
