
-- Initial Matrix --
A | 0.69
C | 0.17
B | 0.14
-- Transition Matrix --
	A	B	C
A |	0.8337	0.0783	0.0879
B |	0.2685	0.5029	0.2286
C |	0.1421	0.0796	0.7783
-- Emission Matrix --
	1	2	3	4
A |	0.410	0.436	0.075	0.079
B |	0.182	0.151	0.419	0.248
C |	0.101	0.104	0.103	0.692

-- Initial Matrix --
A | 0.70
C | 0.15
B | 0.14
-- Transition Matrix --
	A	B	C
A |	0.8361	0.0758	0.0881
B |	0.2677	0.4997	0.2326
C |	0.1429	0.0798	0.7773
-- Emission Matrix --
	1	2	3	4
A |	0.410	0.436	0.075	0.079
B |	0.179	0.143	0.424	0.254
C |	0.102	0.105	0.102	0.692
