
-- Initial Matrix --
A | 0.78
C | 0.12
B | 0.10
-- Transition Matrix --
	A	B	C
A |	0.8308	0.0674	0.1018
B |	0.2904	0.5718	0.1377
C |	0.1369	0.0504	0.8127
-- Emission Matrix --
	1	2	3	4
A |	0.425	0.418	0.078	0.080
B |	0.155	0.184	0.384	0.277
C |	0.099	0.098	0.114	0.688

-- Initial Matrix --
A | 0.68
C | 0.24
B | 0.07
-- Transition Matrix --
	A	B	C
A |	0.8257	0.0746	0.0996
B |	0.3415	0.5007	0.1578
C |	0.1297	0.0364	0.8338
-- Emission Matrix --
	1	2	3	4
A |	0.422	0.402	0.100	0.076
B |	0.122	0.217	0.349	0.312
C |	0.099	0.092	0.158	0.650
