
-- Initial Matrix --
A | 0.73
C | 0.14
B | 0.13
-- Transition Matrix --
	A	B	C
A |	0.8064	0.0935	0.1001
B |	0.4030	0.4240	0.1730
C |	0.1339	0.0587	0.8073
-- Emission Matrix --
	1	2	3	4
A |	0.423	0.424	0.076	0.077
B |	0.124	0.138	0.457	0.281
C |	0.095	0.092	0.105	0.708

-- Initial Matrix --
A | 0.87
C | 0.07
B | 0.05
-- Transition Matrix --
	A	B	C
A |	0.8065	0.0944	0.0991
B |	0.4077	0.4179	0.1744
C |	0.1324	0.0613	0.8064
-- Emission Matrix --
	1	2	3	4
A |	0.420	0.423	0.076	0.081
B |	0.111	0.134	0.467	0.288
C |	0.094	0.093	0.103	0.710
