
-- Initial Matrix --
A | 0.73
C | 0.27
B | 0.00
-- Transition Matrix --
	A	B	C
A |	0.8672	0.0006	0.1322
B |	0.2690	0.0642	0.6668
C |	0.1844	0.0006	0.8150
-- Emission Matrix --
	1	2	3	4
A |	0.399	0.405	0.115	0.081
B |	0.099	0.136	0.682	0.084
C |	0.101	0.100	0.148	0.651

-- Initial Matrix --
A | 0.72
C | 0.25
B | 0.03
-- Transition Matrix --
	A	B	C
A |	0.8648	0.0012	0.1340
B |	0.3579	0.2662	0.3759
C |	0.1824	0.0024	0.8151
-- Emission Matrix --
	1	2	3	4
A |	0.396	0.408	0.114	0.081
B |	0.209	0.245	0.451	0.096
C |	0.099	0.101	0.147	0.653
