
-- Initial Matrix --
A | 0.64
C | 0.32
B | 0.04
-- Transition Matrix --
	A	B	C
A |	0.8490	0.0340	0.1170
B |	0.4468	0.1880	0.3651
C |	0.1687	0.0301	0.8012
-- Emission Matrix --
	1	2	3	4
A |	0.411	0.415	0.099	0.075
B |	0.212	0.203	0.410	0.175
C |	0.096	0.098	0.141	0.664

-- Initial Matrix --
A | 0.52
C | 0.35
B | 0.13
-- Transition Matrix --
	A	B	C
A |	0.8485	0.0338	0.1177
B |	0.4223	0.1995	0.3782
C |	0.1688	0.0308	0.8004
-- Emission Matrix --
	1	2	3	4
A |	0.411	0.415	0.100	0.075
B |	0.214	0.220	0.409	0.157
C |	0.096	0.098	0.140	0.667
