
-- Initial Matrix --
A | 0.77
C | 0.14
B | 0.09
-- Transition Matrix --
	A	B	C
A |	0.8391	0.0707	0.0903
B |	0.2623	0.4903	0.2474
C |	0.1427	0.0972	0.7601
-- Emission Matrix --
	1	2	3	4
A |	0.426	0.421	0.077	0.076
B |	0.172	0.157	0.425	0.246
C |	0.109	0.100	0.093	0.697

-- Initial Matrix --
A | 0.41
C | 0.25
B | 0.35
-- Transition Matrix --
	A	B	C
A |	0.8445	0.0677	0.0878
B |	0.2663	0.4855	0.2482
C |	0.1365	0.1079	0.7556
-- Emission Matrix --
	1	2	3	4
A |	0.422	0.423	0.080	0.075
B |	0.173	0.131	0.428	0.268
C |	0.111	0.097	0.093	0.699
