
-- Initial Matrix --
A | 0.73
C | 0.22
B | 0.05
-- Transition Matrix --
	A	B	C
A |	0.8425	0.0403	0.1172
B |	0.5019	0.1668	0.3313
C |	0.1680	0.0374	0.7946
-- Emission Matrix --
	1	2	3	4
A |	0.407	0.406	0.110	0.076
B |	0.231	0.251	0.327	0.191
C |	0.101	0.100	0.141	0.658

-- Initial Matrix --
A | 0.60
C | 0.29
B | 0.11
-- Transition Matrix --
	A	B	C
A |	0.8291	0.0571	0.1138
B |	0.5058	0.1919	0.3023
C |	0.1668	0.0389	0.7943
-- Emission Matrix --
	1	2	3	4
A |	0.400	0.407	0.113	0.079
B |	0.260	0.207	0.316	0.217
C |	0.103	0.101	0.136	0.660
