
-- Initial Matrix --
A | 0.73
C | 0.16
B | 0.11
-- Transition Matrix --
	A	B	C
A |	0.8425	0.0649	0.0926
B |	0.2357	0.5287	0.2356
C |	0.1408	0.0920	0.7672
-- Emission Matrix --
	1	2	3	4
A |	0.416	0.421	0.084	0.078
B |	0.183	0.148	0.419	0.250
C |	0.093	0.100	0.094	0.713

-- Initial Matrix --
A | 0.72
C | 0.25
B | 0.04
-- Transition Matrix --
	A	B	C
A |	0.8418	0.0663	0.0920
B |	0.2257	0.5301	0.2442
C |	0.1364	0.0959	0.7677
-- Emission Matrix --
	1	2	3	4
A |	0.410	0.424	0.089	0.078
B |	0.194	0.153	0.408	0.244
C |	0.093	0.102	0.084	0.720
