
-- Initial Matrix --
A | 0.69
C | 0.19
B | 0.12
-- Transition Matrix --
	A	B	C
A |	0.8337	0.0717	0.0946
B |	0.2490	0.5752	0.1758
C |	0.1516	0.0635	0.7849
-- Emission Matrix --
	1	2	3	4
A |	0.416	0.417	0.088	0.079
B |	0.153	0.173	0.396	0.278
C |	0.102	0.100	0.100	0.699

-- Initial Matrix --
A | 0.69
C | 0.20
B | 0.11
-- Transition Matrix --
	A	B	C
A |	0.8335	0.0720	0.0946
B |	0.2489	0.5764	0.1747
C |	0.1518	0.0631	0.7850
-- Emission Matrix --
	1	2	3	4
A |	0.415	0.417	0.088	0.080
B |	0.152	0.174	0.396	0.278
C |	0.102	0.100	0.099	0.699
