
-- Initial Matrix --
A | 0.78
C | 0.21
B | 0.01
-- Transition Matrix --
	A	B	C
A |	0.8681	0.0090	0.1229
B |	0.4389	0.0646	0.4964
C |	0.1775	0.0068	0.8157
-- Emission Matrix --
	1	2	3	4
A |	0.401	0.399	0.114	0.086
B |	0.157	0.217	0.474	0.152
C |	0.102	0.110	0.150	0.638

-- Initial Matrix --
A | 0.76
C | 0.20
B | 0.04
-- Transition Matrix --
	A	B	C
A |	0.8683	0.0089	0.1228
B |	0.4580	0.0256	0.5163
C |	0.1775	0.0070	0.8154
-- Emission Matrix --
	1	2	3	4
A |	0.401	0.399	0.114	0.086
B |	0.152	0.204	0.489	0.155
C |	0.102	0.110	0.150	0.639
