
-- Initial Matrix --
A | 0.76
C | 0.23
B | 0.01
-- Transition Matrix --
	A	B	C
A |	0.8751	0.0073	0.1176
B |	0.5289	0.0913	0.3798
C |	0.1574	0.0076	0.8350
-- Emission Matrix --
	1	2	3	4
A |	0.405	0.389	0.119	0.087
B |	0.151	0.154	0.523	0.172
C |	0.092	0.106	0.142	0.660

-- Initial Matrix --
A | 0.63
C | 0.30
B | 0.07
-- Transition Matrix --
	A	B	C
A |	0.8706	0.0090	0.1204
B |	0.7957	0.0620	0.1423
C |	0.1560	0.0052	0.8389
-- Emission Matrix --
	1	2	3	4
A |	0.400	0.388	0.119	0.093
B |	0.210	0.176	0.222	0.392
C |	0.092	0.109	0.144	0.655
