
-- Initial Matrix --
A | 0.74
C | 0.14
B | 0.11
-- Transition Matrix --
	A	B	C
A |	0.8410	0.0691	0.0899
B |	0.2451	0.4983	0.2566
C |	0.1380	0.1031	0.7589
-- Emission Matrix --
	1	2	3	4
A |	0.410	0.431	0.080	0.080
B |	0.193	0.142	0.434	0.231
C |	0.100	0.102	0.088	0.711

-- Initial Matrix --
A | 0.48
C | 0.16
B | 0.36
-- Transition Matrix --
	A	B	C
A |	0.8334	0.0678	0.0989
B |	0.2388	0.5039	0.2572
C |	0.1434	0.1132	0.7434
-- Emission Matrix --
	1	2	3	4
A |	0.413	0.425	0.080	0.082
B |	0.169	0.155	0.456	0.220
C |	0.098	0.104	0.086	0.712
