
-- Initial Matrix --
A | 0.73
C | 0.17
B | 0.10
-- Transition Matrix --
	A	B	C
A |	0.8493	0.0538	0.0970
B |	0.2084	0.6139	0.1778
C |	0.1391	0.0728	0.7880
-- Emission Matrix --
	1	2	3	4
A |	0.428	0.408	0.092	0.072
B |	0.188	0.173	0.380	0.260
C |	0.090	0.108	0.095	0.707

-- Initial Matrix --
A | 0.73
C | 0.17
B | 0.10
-- Transition Matrix --
	A	B	C
A |	0.8493	0.0537	0.0970
B |	0.2084	0.6139	0.1777
C |	0.1391	0.0728	0.7881
-- Emission Matrix --
	1	2	3	4
A |	0.428	0.408	0.092	0.072
B |	0.187	0.173	0.380	0.260
C |	0.090	0.108	0.095	0.707
