
-- Initial Matrix --
A | 0.77
C | 0.22
B | 0.02
-- Transition Matrix --
	A	B	C
A |	0.8659	0.0146	0.1195
B |	0.4921	0.0958	0.4121
C |	0.1672	0.0113	0.8216
-- Emission Matrix --
	1	2	3	4
A |	0.405	0.407	0.110	0.078
B |	0.199	0.214	0.447	0.140
C |	0.105	0.109	0.161	0.626

-- Initial Matrix --
A | 0.77
C | 0.22
B | 0.01
-- Transition Matrix --
	A	B	C
A |	0.8659	0.0146	0.1195
B |	0.4922	0.0960	0.4118
C |	0.1672	0.0112	0.8216
-- Emission Matrix --
	1	2	3	4
A |	0.405	0.407	0.110	0.078
B |	0.199	0.214	0.447	0.139
C |	0.105	0.109	0.161	0.626
