
-- Initial Matrix --
A | 0.68
C | 0.26
B | 0.07
-- Transition Matrix --
	A	B	C
A |	0.8317	0.0513	0.1170
B |	0.4701	0.2005	0.3294
C |	0.1608	0.0409	0.7984
-- Emission Matrix --
	1	2	3	4
A |	0.413	0.411	0.102	0.074
B |	0.242	0.262	0.316	0.179
C |	0.094	0.099	0.150	0.658

-- Initial Matrix --
A | 0.68
C | 0.26
B | 0.06
-- Transition Matrix --
	A	B	C
A |	0.8318	0.0513	0.1169
B |	0.4700	0.2004	0.3297
C |	0.1608	0.0408	0.7984
-- Emission Matrix --
	1	2	3	4
A |	0.413	0.411	0.102	0.074
B |	0.244	0.261	0.317	0.178
C |	0.094	0.098	0.150	0.658
