
-- Initial Matrix --
A | 0.65
C | 0.20
B | 0.15
-- Transition Matrix --
	A	B	C
A |	0.8233	0.0805	0.0962
B |	0.2875	0.4998	0.2127
C |	0.1523	0.0745	0.7731
-- Emission Matrix --
	1	2	3	4
A |	0.421	0.428	0.074	0.076
B |	0.154	0.141	0.439	0.266
C |	0.089	0.097	0.099	0.716

-- Initial Matrix --
A | 0.65
C | 0.21
B | 0.14
-- Transition Matrix --
	A	B	C
A |	0.8231	0.0807	0.0962
B |	0.2882	0.4980	0.2138
C |	0.1520	0.0744	0.7736
-- Emission Matrix --
	1	2	3	4
A |	0.421	0.429	0.074	0.076
B |	0.154	0.141	0.439	0.266
C |	0.089	0.096	0.099	0.716
