
-- Initial Matrix --
A | 0.63
C | 0.24
B | 0.13
-- Transition Matrix --
	A	B	C
A |	0.8360	0.0732	0.0908
B |	0.3035	0.5201	0.1764
C |	0.1353	0.0652	0.7995
-- Emission Matrix --
	1	2	3	4
A |	0.414	0.426	0.083	0.077
B |	0.178	0.146	0.409	0.266
C |	0.101	0.102	0.101	0.695

-- Initial Matrix --
A | 0.57
C | 0.27
B | 0.16
-- Transition Matrix --
	A	B	C
A |	0.8354	0.0719	0.0927
B |	0.2988	0.5253	0.1759
C |	0.1359	0.0648	0.7993
-- Emission Matrix --
	1	2	3	4
A |	0.416	0.425	0.083	0.076
B |	0.181	0.143	0.409	0.268
C |	0.102	0.102	0.101	0.695
