
-- Initial Matrix --
A | 0.71
C | 0.17
B | 0.12
-- Transition Matrix --
	A	B	C
A |	0.8408	0.0631	0.0962
B |	0.2463	0.5721	0.1816
C |	0.1377	0.0619	0.8004
-- Emission Matrix --
	1	2	3	4
A |	0.417	0.419	0.082	0.083
B |	0.169	0.183	0.381	0.267
C |	0.103	0.094	0.109	0.694

-- Initial Matrix --
A | 0.71
C | 0.17
B | 0.12
-- Transition Matrix --
	A	B	C
A |	0.8408	0.0630	0.0962
B |	0.2465	0.5721	0.1814
C |	0.1377	0.0620	0.8004
-- Emission Matrix --
	1	2	3	4
A |	0.417	0.419	0.082	0.083
B |	0.169	0.183	0.381	0.267
C |	0.103	0.094	0.109	0.694
