
-- Initial Matrix --
A | 0.74
C | 0.16
B | 0.10
-- Transition Matrix --
	A	B	C
A |	0.8386	0.0661	0.0953
B |	0.2312	0.5579	0.2109
C |	0.1471	0.0813	0.7716
-- Emission Matrix --
	1	2	3	4
A |	0.421	0.426	0.077	0.077
B |	0.196	0.159	0.406	0.239
C |	0.097	0.106	0.101	0.696

-- Initial Matrix --
A | 0.74
C | 0.16
B | 0.10
-- Transition Matrix --
	A	B	C
A |	0.8386	0.0661	0.0953
B |	0.2312	0.5580	0.2108
C |	0.1471	0.0813	0.7716
-- Emission Matrix --
	1	2	3	4
A |	0.421	0.426	0.077	0.077
B |	0.196	0.159	0.406	0.239
C |	0.097	0.106	0.101	0.696
