
-- Initial Matrix --
A | 0.74
C | 0.22
B | 0.03
-- Transition Matrix --
	A	B	C
A |	0.8527	0.0283	0.1190
B |	0.5045	0.1253	0.3702
C |	0.1633	0.0242	0.8124
-- Emission Matrix --
	1	2	3	4
A |	0.407	0.415	0.102	0.076
B |	0.243	0.238	0.336	0.184
C |	0.109	0.098	0.149	0.644

-- Initial Matrix --
A | 0.75
C | 0.22
B | 0.03
-- Transition Matrix --
	A	B	C
A |	0.8528	0.0284	0.1188
B |	0.4868	0.1610	0.3522
C |	0.1633	0.0218	0.8149
-- Emission Matrix --
	1	2	3	4
A |	0.407	0.415	0.102	0.076
B |	0.238	0.242	0.329	0.191
C |	0.109	0.098	0.149	0.644
