
-- Initial Matrix --
A | 0.75
C | 0.16
B | 0.09
-- Transition Matrix --
	A	B	C
A |	0.8304	0.0714	0.0983
B |	0.2769	0.5739	0.1493
C |	0.1436	0.0552	0.8012
-- Emission Matrix --
	1	2	3	4
A |	0.427	0.409	0.086	0.078
B |	0.158	0.167	0.392	0.283
C |	0.094	0.105	0.101	0.699

-- Initial Matrix --
A | 0.73
C | 0.15
B | 0.11
-- Transition Matrix --
	A	B	C
A |	0.8302	0.0713	0.0984
B |	0.2769	0.5736	0.1495
C |	0.1439	0.0554	0.8007
-- Emission Matrix --
	1	2	3	4
A |	0.427	0.409	0.086	0.078
B |	0.159	0.167	0.392	0.283
C |	0.095	0.105	0.102	0.698
