
-- Initial Matrix --
A | 0.72
C | 0.15
B | 0.13
-- Transition Matrix --
	A	B	C
A |	0.8281	0.0768	0.0950
B |	0.2942	0.5299	0.1759
C |	0.1412	0.0599	0.7989
-- Emission Matrix --
	1	2	3	4
A |	0.416	0.424	0.081	0.079
B |	0.162	0.165	0.403	0.270
C |	0.097	0.097	0.103	0.703

-- Initial Matrix --
A | 0.60
C | 0.23
B | 0.16
-- Transition Matrix --
	A	B	C
A |	0.8285	0.0764	0.0951
B |	0.2965	0.5251	0.1784
C |	0.1389	0.0607	0.8003
-- Emission Matrix --
	1	2	3	4
A |	0.416	0.424	0.081	0.079
B |	0.162	0.164	0.393	0.281
C |	0.097	0.097	0.102	0.703
