
-- Initial Matrix --
A | 0.72
C | 0.16
B | 0.12
-- Transition Matrix --
	A	B	C
A |	0.8267	0.0744	0.0989
B |	0.2701	0.5274	0.2026
C |	0.1493	0.0728	0.7779
-- Emission Matrix --
	1	2	3	4
A |	0.423	0.417	0.081	0.078
B |	0.147	0.182	0.414	0.256
C |	0.103	0.090	0.106	0.701

-- Initial Matrix --
A | 0.67
C | 0.31
B | 0.02
-- Transition Matrix --
	A	B	C
A |	0.8260	0.0767	0.0973
B |	0.2773	0.5300	0.1927
C |	0.1517	0.0727	0.7755
-- Emission Matrix --
	1	2	3	4
A |	0.422	0.410	0.089	0.079
B |	0.139	0.187	0.412	0.262
C |	0.102	0.094	0.106	0.698
