
-- Initial Matrix --
A | 0.76
C | 0.14
B | 0.10
-- Transition Matrix --
	A	B	C
A |	0.8415	0.0605	0.0980
B |	0.2344	0.6021	0.1636
C |	0.1410	0.0652	0.7938
-- Emission Matrix --
	1	2	3	4
A |	0.413	0.423	0.087	0.077
B |	0.168	0.167	0.386	0.280
C |	0.102	0.094	0.110	0.695

-- Initial Matrix --
A | 0.43
C | 0.44
B | 0.14
-- Transition Matrix --
	A	B	C
A |	0.8605	0.0577	0.0818
B |	0.2680	0.6079	0.1241
C |	0.1254	0.0082	0.8664
-- Emission Matrix --
	1	2	3	4
A |	0.433	0.357	0.085	0.125
B |	0.035	0.107	0.389	0.469
C |	0.091	0.112	0.121	0.676
