
-- Initial Matrix --
A | 0.73
C | 0.15
B | 0.13
-- Transition Matrix --
	A	B	C
A |	0.8361	0.0717	0.0922
B |	0.2746	0.5062	0.2192
C |	0.1341	0.0834	0.7825
-- Emission Matrix --
	1	2	3	4
A |	0.423	0.419	0.077	0.081
B |	0.189	0.150	0.423	0.238
C |	0.093	0.102	0.102	0.703

-- Initial Matrix --
A | 0.20
C | 0.62
B | 0.18
-- Transition Matrix --
	A	B	C
A |	0.8424	0.0705	0.0871
B |	0.2551	0.5052	0.2397
C |	0.1457	0.0707	0.7836
-- Emission Matrix --
	1	2	3	4
A |	0.429	0.423	0.071	0.078
B |	0.145	0.154	0.429	0.272
C |	0.096	0.108	0.098	0.698
