
-- Initial Matrix --
A | 0.73
C | 0.15
B | 0.13
-- Transition Matrix --
	A	B	C
A |	0.8361	0.0717	0.0922
B |	0.2746	0.5062	0.2192
C |	0.1341	0.0834	0.7825
-- Emission Matrix --
	1	2	3	4
A |	0.423	0.419	0.077	0.081
B |	0.189	0.150	0.423	0.238
C |	0.093	0.102	0.102	0.703

-- Initial Matrix --
A | 0.67
C | 0.19
B | 0.14
-- Transition Matrix --
	A	B	C
A |	0.8341	0.0724	0.0936
B |	0.2751	0.5066	0.2183
C |	0.1340	0.0838	0.7822
-- Emission Matrix --
	1	2	3	4
A |	0.424	0.419	0.078	0.080
B |	0.189	0.151	0.421	0.239
C |	0.093	0.102	0.101	0.704
