
-- Initial Matrix --
A | 0.74
C | 0.15
B | 0.11
-- Transition Matrix --
	A	B	C
A |	0.8419	0.0748	0.0833
B |	0.2763	0.4952	0.2285
C |	0.1282	0.0812	0.7905
-- Emission Matrix --
	1	2	3	4
A |	0.412	0.426	0.083	0.079
B |	0.146	0.162	0.418	0.274
C |	0.102	0.105	0.102	0.691

-- Initial Matrix --
A | 0.75
C | 0.14
B | 0.10
-- Transition Matrix --
	A	B	C
A |	0.8419	0.0748	0.0833
B |	0.2762	0.4953	0.2285
C |	0.1282	0.0812	0.7906
-- Emission Matrix --
	1	2	3	4
A |	0.412	0.426	0.083	0.079
B |	0.146	0.163	0.417	0.274
C |	0.102	0.105	0.102	0.691
