
-- Initial Matrix --
A | 0.76
C | 0.13
B | 0.11
-- Transition Matrix --
	A	B	C
A |	0.7947	0.1069	0.0984
B |	0.4384	0.4166	0.1450
C |	0.1157	0.0823	0.8020
-- Emission Matrix --
	1	2	3	4
A |	0.443	0.432	0.048	0.077
B |	0.049	0.123	0.538	0.290
C |	0.127	0.105	0.092	0.676

-- Initial Matrix --
A | 0.30
C | 0.45
B | 0.26
-- Transition Matrix --
	A	B	C
A |	0.7958	0.1255	0.0786
B |	0.3509	0.4352	0.2138
C |	0.1195	0.0534	0.8271
-- Emission Matrix --
	1	2	3	4
A |	0.451	0.440	0.022	0.087
B |	0.121	0.139	0.497	0.243
C |	0.081	0.124	0.124	0.671
