
-- Initial Matrix --
A | 0.68
C | 0.21
B | 0.11
-- Transition Matrix --
	A	B	C
A |	0.8018	0.0911	0.1071
B |	0.3732	0.5054	0.1214
C |	0.1424	0.0783	0.7793
-- Emission Matrix --
	1	2	3	4
A |	0.441	0.441	0.043	0.075
B |	0.181	0.259	0.426	0.133
C |	0.113	0.120	0.130	0.637

-- Initial Matrix --
A | 0.69
C | 0.21
B | 0.10
-- Transition Matrix --
	A	B	C
A |	0.8008	0.0917	0.1074
B |	0.3741	0.5037	0.1221
C |	0.1420	0.0844	0.7736
-- Emission Matrix --
	1	2	3	4
A |	0.442	0.441	0.043	0.074
B |	0.185	0.265	0.421	0.130
C |	0.114	0.119	0.129	0.638
