
-- Initial Matrix --
A | 0.68
C | 0.20
B | 0.11
-- Transition Matrix --
	A	B	C
A |	0.8790	0.0474	0.0735
B |	0.1493	0.5391	0.3116
C |	0.1297	0.1045	0.7658
-- Emission Matrix --
	1	2	3	4
A |	0.404	0.433	0.082	0.081
B |	0.184	0.232	0.383	0.201
C |	0.129	0.093	0.091	0.687

-- Initial Matrix --
A | 0.21
C | 0.67
B | 0.12
-- Transition Matrix --
	A	B	C
A |	0.9125	0.0267	0.0608
B |	0.1642	0.6487	0.1871
C |	0.1426	0.1687	0.6887
-- Emission Matrix --
	1	2	3	4
A |	0.409	0.402	0.121	0.068
B |	0.146	0.194	0.308	0.353
C |	0.069	0.111	0.073	0.747
