
-- Initial Matrix --
A | 0.67
C | 0.19
B | 0.14
-- Transition Matrix --
	A	B	C
A |	0.8211	0.0820	0.0970
B |	0.3285	0.4405	0.2310
C |	0.1490	0.1000	0.7510
-- Emission Matrix --
	1	2	3	4
A |	0.463	0.407	0.057	0.073
B |	0.141	0.196	0.468	0.194
C |	0.113	0.107	0.100	0.681

-- Initial Matrix --
A | 0.67
C | 0.19
B | 0.14
-- Transition Matrix --
	A	B	C
A |	0.8211	0.0820	0.0970
B |	0.3284	0.4403	0.2313
C |	0.1491	0.1000	0.7510
-- Emission Matrix --
	1	2	3	4
A |	0.463	0.407	0.057	0.073
B |	0.141	0.196	0.469	0.194
C |	0.112	0.107	0.100	0.680
