
-- Initial Matrix --
A | 0.69
C | 0.19
B | 0.13
-- Transition Matrix --
	A	B	C
A |	0.8034	0.0838	0.1128
B |	0.3102	0.4895	0.2003
C |	0.1403	0.0872	0.7725
-- Emission Matrix --
	1	2	3	4
A |	0.429	0.416	0.074	0.080
B |	0.083	0.223	0.440	0.253
C |	0.083	0.092	0.084	0.742

-- Initial Matrix --
A | 0.23
C | 0.60
B | 0.17
-- Transition Matrix --
	A	B	C
A |	0.7962	0.0752	0.1285
B |	0.3052	0.4755	0.2193
C |	0.1123	0.0811	0.8066
-- Emission Matrix --
	1	2	3	4
A |	0.431	0.405	0.087	0.077
B |	0.080	0.226	0.409	0.284
C |	0.085	0.112	0.077	0.726
