
-- Initial Matrix --
A | 0.83
C | 0.09
B | 0.08
-- Transition Matrix --
	A	B	C
A |	0.8138	0.0871	0.0990
B |	0.3786	0.5364	0.0850
C |	0.1167	0.0425	0.8408
-- Emission Matrix --
	1	2	3	4
A |	0.420	0.430	0.073	0.076
B |	0.221	0.132	0.412	0.235
C |	0.101	0.099	0.128	0.671

-- Initial Matrix --
A | 0.41
C | 0.57
B | 0.02
-- Transition Matrix --
	A	B	C
A |	0.5347	0.3570	0.1083
B |	0.3451	0.4472	0.2077
C |	0.0750	0.1213	0.8037
-- Emission Matrix --
	1	2	3	4
A |	0.447	0.298	0.167	0.088
B |	0.103	0.097	0.437	0.363
C |	0.136	0.080	0.179	0.606
