
-- Initial Matrix --
A | 0.70
C | 0.17
B | 0.13
-- Transition Matrix --
	A	B	C
A |	0.8398	0.0759	0.0843
B |	0.2121	0.5549	0.2330
C |	0.1716	0.0760	0.7525
-- Emission Matrix --
	1	2	3	4
A |	0.420	0.441	0.065	0.075
B |	0.197	0.142	0.418	0.243
C |	0.108	0.102	0.093	0.697

-- Initial Matrix --
A | 0.41
C | 0.43
B | 0.15
-- Transition Matrix --
	A	B	C
A |	0.7734	0.0929	0.1337
B |	0.1514	0.5871	0.2615
C |	0.1525	0.1861	0.6614
-- Emission Matrix --
	1	2	3	4
A |	0.330	0.313	0.154	0.203
B |	0.401	0.162	0.253	0.185
C |	0.193	0.109	0.270	0.428
