
-- Initial Matrix --
A | 0.85
C | 0.14
B | 0.01
-- Transition Matrix --
	A	B	C
A |	0.8689	0.0109	0.1202
B |	0.5409	0.0623	0.3968
C |	0.1629	0.0112	0.8258
-- Emission Matrix --
	1	2	3	4
A |	0.399	0.385	0.127	0.088
B |	0.188	0.217	0.407	0.189
C |	0.093	0.107	0.131	0.669

-- Initial Matrix --
A | 0.87
C | 0.00
B | 0.12
-- Transition Matrix --
	A	B	C
A |	0.8940	0.0125	0.0935
B |	0.6260	0.1029	0.2711
C |	0.1591	0.0129	0.8280
-- Emission Matrix --
	1	2	3	4
A |	0.406	0.387	0.116	0.091
B |	0.319	0.286	0.015	0.380
C |	0.107	0.075	0.127	0.692
