
-- Initial Matrix --
A | 0.78
C | 0.15
B | 0.07
-- Transition Matrix --
	A	B	C
A |	0.8296	0.0909	0.0795
B |	0.4423	0.3962	0.1614
C |	0.1041	0.0521	0.8438
-- Emission Matrix --
	1	2	3	4
A |	0.405	0.460	0.046	0.088
B |	0.246	0.113	0.437	0.204
C |	0.113	0.103	0.129	0.655

-- Initial Matrix --
A | 0.65
C | 0.23
B | 0.12
-- Transition Matrix --
	A	B	C
A |	0.8426	0.0830	0.0745
B |	0.3835	0.3581	0.2584
C |	0.1375	0.0028	0.8597
-- Emission Matrix --
	1	2	3	4
A |	0.394	0.457	0.054	0.095
B |	0.226	0.205	0.355	0.215
C |	0.083	0.104	0.130	0.683
