
-- Initial Matrix --
A | 0.79
C | 0.18
B | 0.02
-- Transition Matrix --
	A	B	C
A |	0.8452	0.0254	0.1294
B |	0.5276	0.1592	0.3132
C |	0.1785	0.0166	0.8049
-- Emission Matrix --
	1	2	3	4
A |	0.424	0.425	0.086	0.065
B |	0.189	0.289	0.423	0.099
C |	0.105	0.114	0.158	0.624

-- Initial Matrix --
A | 0.79
C | 0.18
B | 0.03
-- Transition Matrix --
	A	B	C
A |	0.8446	0.0264	0.1290
B |	0.5371	0.1354	0.3275
C |	0.1791	0.0180	0.8029
-- Emission Matrix --
	1	2	3	4
A |	0.423	0.426	0.086	0.065
B |	0.195	0.269	0.444	0.092
C |	0.105	0.114	0.158	0.623
