
-- Initial Matrix --
A | 0.80
C | 0.19
B | 0.00
-- Transition Matrix --
	A	B	C
A |	0.8693	0.0050	0.1257
B |	0.5135	0.0546	0.4318
C |	0.1707	0.0036	0.8257
-- Emission Matrix --
	1	2	3	4
A |	0.402	0.404	0.114	0.080
B |	0.161	0.166	0.527	0.147
C |	0.116	0.107	0.167	0.610

-- Initial Matrix --
A | 0.40
C | 0.59
B | 0.02
-- Transition Matrix --
	A	B	C
A |	0.9019	0.0235	0.0746
B |	0.0913	0.8250	0.0837
C |	0.1231	0.1163	0.7606
-- Emission Matrix --
	1	2	3	4
A |	0.373	0.351	0.184	0.092
B |	0.701	0.263	0.017	0.020
C |	0.174	0.114	0.173	0.539
