
-- Initial Matrix --
A | 0.74
C | 0.20
B | 0.06
-- Transition Matrix --
	A	B	C
A |	0.8412	0.0427	0.1160
B |	0.5001	0.1858	0.3141
C |	0.1629	0.0311	0.8060
-- Emission Matrix --
	1	2	3	4
A |	0.405	0.395	0.120	0.080
B |	0.197	0.298	0.342	0.162
C |	0.098	0.086	0.142	0.674

-- Initial Matrix --
A | 0.70
C | 0.19
B | 0.10
-- Transition Matrix --
	A	B	C
A |	0.8433	0.0410	0.1157
B |	0.4882	0.1878	0.3240
C |	0.1630	0.0311	0.8060
-- Emission Matrix --
	1	2	3	4
A |	0.406	0.396	0.119	0.079
B |	0.198	0.297	0.349	0.157
C |	0.097	0.087	0.142	0.674
