
-- Initial Matrix --
A | 0.66
C | 0.21
B | 0.13
-- Transition Matrix --
	A	B	C
A |	0.8110	0.0881	0.1009
B |	0.2788	0.4799	0.2412
C |	0.1912	0.1015	0.7073
-- Emission Matrix --
	1	2	3	4
A |	0.442	0.423	0.066	0.069
B |	0.136	0.169	0.474	0.221
C |	0.111	0.083	0.109	0.697

-- Initial Matrix --
A | 0.86
C | 0.05
B | 0.09
-- Transition Matrix --
	A	B	C
A |	0.6378	0.2126	0.1497
B |	0.3585	0.3241	0.3174
C |	0.1515	0.1337	0.7149
-- Emission Matrix --
	1	2	3	4
A |	0.451	0.454	0.073	0.022
B |	0.408	0.032	0.408	0.152
C |	0.189	0.080	0.002	0.730
