
-- Initial Matrix --
A | 0.65
C | 0.24
B | 0.12
-- Transition Matrix --
	A	B	C
A |	0.8404	0.0611	0.0985
B |	0.2354	0.5507	0.2140
C |	0.1455	0.0747	0.7798
-- Emission Matrix --
	1	2	3	4
A |	0.415	0.414	0.090	0.082
B |	0.171	0.160	0.390	0.279
C |	0.097	0.094	0.101	0.708

-- Initial Matrix --
A | 0.21
C | 0.15
B | 0.64
-- Transition Matrix --
	A	B	C
A |	0.8710	0.0397	0.0893
B |	0.2639	0.5239	0.2122
C |	0.1471	0.0757	0.7772
-- Emission Matrix --
	1	2	3	4
A |	0.425	0.414	0.088	0.074
B |	0.227	0.165	0.356	0.252
C |	0.094	0.094	0.105	0.707
