
-- Initial Matrix --
A | 0.67
C | 0.21
B | 0.12
-- Transition Matrix --
	A	B	C
A |	0.8300	0.0726	0.0974
B |	0.2963	0.5107	0.1930
C |	0.1387	0.0678	0.7935
-- Emission Matrix --
	1	2	3	4
A |	0.413	0.422	0.081	0.084
B |	0.174	0.139	0.404	0.283
C |	0.094	0.102	0.102	0.701

-- Initial Matrix --
A | 0.67
C | 0.20
B | 0.13
-- Transition Matrix --
	A	B	C
A |	0.8301	0.0726	0.0973
B |	0.2968	0.5104	0.1927
C |	0.1388	0.0676	0.7936
-- Emission Matrix --
	1	2	3	4
A |	0.413	0.422	0.081	0.084
B |	0.173	0.140	0.403	0.284
C |	0.094	0.102	0.103	0.701
