
-- Initial Matrix --
A | 0.69
C | 0.18
B | 0.13
-- Transition Matrix --
	A	B	C
A |	0.8291	0.0744	0.0965
B |	0.2679	0.4935	0.2387
C |	0.1479	0.0871	0.7650
-- Emission Matrix --
	1	2	3	4
A |	0.426	0.413	0.080	0.082
B |	0.132	0.180	0.423	0.265
C |	0.099	0.097	0.095	0.709

-- Initial Matrix --
A | 0.70
C | 0.15
B | 0.15
-- Transition Matrix --
	A	B	C
A |	0.8291	0.0744	0.0966
B |	0.2676	0.4936	0.2389
C |	0.1477	0.0874	0.7649
-- Emission Matrix --
	1	2	3	4
A |	0.426	0.413	0.080	0.082
B |	0.132	0.180	0.423	0.265
C |	0.099	0.097	0.095	0.709
