
-- Initial Matrix --
A | 0.69
C | 0.19
B | 0.12
-- Transition Matrix --
	A	B	C
A |	0.8328	0.0777	0.0895
B |	0.2748	0.5028	0.2224
C |	0.1352	0.0857	0.7791
-- Emission Matrix --
	1	2	3	4
A |	0.419	0.419	0.078	0.084
B |	0.169	0.156	0.432	0.243
C |	0.100	0.100	0.098	0.701

-- Initial Matrix --
A | 0.69
C | 0.19
B | 0.12
-- Transition Matrix --
	A	B	C
A |	0.8328	0.0777	0.0895
B |	0.2749	0.5028	0.2224
C |	0.1352	0.0857	0.7791
-- Emission Matrix --
	1	2	3	4
A |	0.419	0.419	0.078	0.084
B |	0.169	0.156	0.432	0.243
C |	0.100	0.101	0.099	0.701
