
-- Initial Matrix --
A | 0.71
C | 0.19
B | 0.10
-- Transition Matrix --
	A	B	C
A |	0.8350	0.0721	0.0930
B |	0.2829	0.5029	0.2142
C |	0.1427	0.0766	0.7807
-- Emission Matrix --
	1	2	3	4
A |	0.416	0.421	0.086	0.077
B |	0.159	0.153	0.411	0.278
C |	0.100	0.102	0.101	0.697

-- Initial Matrix --
A | 0.72
C | 0.19
B | 0.09
-- Transition Matrix --
	A	B	C
A |	0.8350	0.0721	0.0930
B |	0.2830	0.5027	0.2144
C |	0.1426	0.0766	0.7808
-- Emission Matrix --
	1	2	3	4
A |	0.416	0.421	0.086	0.077
B |	0.159	0.152	0.411	0.278
C |	0.100	0.102	0.101	0.697
