
-- Initial Matrix --
A | 0.72
C | 0.16
B | 0.11
-- Transition Matrix --
	A	B	C
A |	0.8273	0.0733	0.0994
B |	0.2872	0.5148	0.1980
C |	0.1479	0.0731	0.7790
-- Emission Matrix --
	1	2	3	4
A |	0.413	0.419	0.087	0.080
B |	0.169	0.153	0.410	0.268
C |	0.099	0.098	0.102	0.702

-- Initial Matrix --
A | 0.39
C | 0.57
B | 0.04
-- Transition Matrix --
	A	B	C
A |	0.8286	0.0724	0.0990
B |	0.2960	0.5097	0.1943
C |	0.1480	0.0729	0.7792
-- Emission Matrix --
	1	2	3	4
A |	0.414	0.419	0.087	0.081
B |	0.167	0.150	0.414	0.270
C |	0.098	0.097	0.103	0.702
