
-- Initial Matrix --
A | 0.74
C | 0.16
B | 0.10
-- Transition Matrix --
	A	B	C
A |	0.8346	0.0692	0.0962
B |	0.2788	0.5148	0.2065
C |	0.1408	0.0790	0.7802
-- Emission Matrix --
	1	2	3	4
A |	0.421	0.419	0.083	0.077
B |	0.171	0.162	0.410	0.258
C |	0.096	0.100	0.098	0.706

-- Initial Matrix --
A | 0.75
C | 0.16
B | 0.10
-- Transition Matrix --
	A	B	C
A |	0.8346	0.0692	0.0962
B |	0.2787	0.5148	0.2065
C |	0.1408	0.0790	0.7802
-- Emission Matrix --
	1	2	3	4
A |	0.421	0.419	0.083	0.077
B |	0.171	0.162	0.410	0.258
C |	0.096	0.100	0.098	0.706
