
-- Initial Matrix --
A | 0.76
C | 0.21
B | 0.02
-- Transition Matrix --
	A	B	C
A |	0.8591	0.0190	0.1219
B |	0.4808	0.1384	0.3808
C |	0.1727	0.0184	0.8089
-- Emission Matrix --
	1	2	3	4
A |	0.401	0.404	0.112	0.083
B |	0.189	0.181	0.447	0.184
C |	0.096	0.099	0.137	0.667

-- Initial Matrix --
A | 0.76
C | 0.22
B | 0.03
-- Transition Matrix --
	A	B	C
A |	0.8589	0.0192	0.1219
B |	0.4785	0.1396	0.3819
C |	0.1726	0.0184	0.8090
-- Emission Matrix --
	1	2	3	4
A |	0.401	0.405	0.112	0.083
B |	0.189	0.180	0.448	0.183
C |	0.096	0.099	0.137	0.667
