
-- Initial Matrix --
A | 0.70
C | 0.18
B | 0.12
-- Transition Matrix --
	A	B	C
A |	0.8362	0.0705	0.0933
B |	0.2631	0.5358	0.2011
C |	0.1419	0.0712	0.7869
-- Emission Matrix --
	1	2	3	4
A |	0.418	0.419	0.083	0.080
B |	0.176	0.170	0.400	0.254
C |	0.100	0.105	0.106	0.688

-- Initial Matrix --
A | 0.73
C | 0.17
B | 0.10
-- Transition Matrix --
	A	B	C
A |	0.8369	0.0706	0.0926
B |	0.2618	0.5370	0.2012
C |	0.1404	0.0716	0.7880
-- Emission Matrix --
	1	2	3	4
A |	0.419	0.418	0.083	0.080
B |	0.176	0.171	0.398	0.254
C |	0.100	0.104	0.107	0.688
