
-- Initial Matrix --
A | 0.78
C | 0.19
B | 0.03
-- Transition Matrix --
	A	B	C
A |	0.8542	0.0266	0.1193
B |	0.4859	0.1302	0.3839
C |	0.1690	0.0227	0.8083
-- Emission Matrix --
	1	2	3	4
A |	0.400	0.403	0.112	0.085
B |	0.222	0.219	0.366	0.194
C |	0.097	0.095	0.134	0.674

-- Initial Matrix --
A | 0.17
C | 0.81
B | 0.03
-- Transition Matrix --
	A	B	C
A |	0.8472	0.0371	0.1157
B |	0.5078	0.2097	0.2825
C |	0.1690	0.0217	0.8094
-- Emission Matrix --
	1	2	3	4
A |	0.411	0.408	0.097	0.085
B |	0.232	0.327	0.350	0.090
C |	0.098	0.088	0.143	0.672
