
-- Initial Matrix --
A | 0.70
C | 0.18
B | 0.12
-- Transition Matrix --
	A	B	C
A |	0.8328	0.0765	0.0907
B |	0.2857	0.5047	0.2096
C |	0.1388	0.0774	0.7838
-- Emission Matrix --
	1	2	3	4
A |	0.425	0.419	0.078	0.078
B |	0.156	0.164	0.424	0.256
C |	0.103	0.103	0.107	0.688

-- Initial Matrix --
A | 0.70
C | 0.18
B | 0.12
-- Transition Matrix --
	A	B	C
A |	0.8328	0.0765	0.0907
B |	0.2858	0.5048	0.2094
C |	0.1388	0.0773	0.7839
-- Emission Matrix --
	1	2	3	4
A |	0.425	0.419	0.078	0.078
B |	0.156	0.164	0.424	0.256
C |	0.103	0.103	0.107	0.688
