
-- Initial Matrix --
A | 0.73
C | 0.15
B | 0.12
-- Transition Matrix --
	A	B	C
A |	0.8407	0.0678	0.0915
B |	0.2472	0.5108	0.2420
C |	0.1415	0.0868	0.7717
-- Emission Matrix --
	1	2	3	4
A |	0.414	0.422	0.082	0.083
B |	0.184	0.182	0.406	0.229
C |	0.106	0.099	0.098	0.697

-- Initial Matrix --
A | 0.73
C | 0.15
B | 0.12
-- Transition Matrix --
	A	B	C
A |	0.8407	0.0678	0.0915
B |	0.2470	0.5109	0.2421
C |	0.1416	0.0868	0.7716
-- Emission Matrix --
	1	2	3	4
A |	0.414	0.422	0.082	0.083
B |	0.184	0.181	0.406	0.230
C |	0.106	0.099	0.098	0.697
