
-- Initial Matrix --
A | 0.72
C | 0.16
B | 0.12
-- Transition Matrix --
	A	B	C
A |	0.8277	0.0755	0.0968
B |	0.2798	0.5489	0.1713
C |	0.1375	0.0629	0.7995
-- Emission Matrix --
	1	2	3	4
A |	0.413	0.413	0.088	0.085
B |	0.162	0.166	0.401	0.271
C |	0.105	0.099	0.105	0.691

-- Initial Matrix --
A | 0.73
C | 0.15
B | 0.12
-- Transition Matrix --
	A	B	C
A |	0.8275	0.0755	0.0969
B |	0.2796	0.5491	0.1713
C |	0.1375	0.0634	0.7991
-- Emission Matrix --
	1	2	3	4
A |	0.414	0.413	0.088	0.085
B |	0.162	0.166	0.400	0.271
C |	0.105	0.099	0.105	0.692
