
-- Initial Matrix --
A | 0.71
C | 0.17
B | 0.11
-- Transition Matrix --
	A	B	C
A |	0.8284	0.0755	0.0961
B |	0.2830	0.5429	0.1741
C |	0.1455	0.0668	0.7877
-- Emission Matrix --
	1	2	3	4
A |	0.422	0.422	0.077	0.079
B |	0.168	0.161	0.413	0.258
C |	0.100	0.100	0.110	0.690

-- Initial Matrix --
A | 0.69
C | 0.29
B | 0.02
-- Transition Matrix --
	A	B	C
A |	0.8290	0.0762	0.0948
B |	0.2921	0.5467	0.1612
C |	0.1454	0.0682	0.7863
-- Emission Matrix --
	1	2	3	4
A |	0.423	0.420	0.078	0.079
B |	0.166	0.159	0.417	0.258
C |	0.103	0.096	0.110	0.691
