
-- Initial Matrix --
A | 0.72
C | 0.17
B | 0.10
-- Transition Matrix --
	A	B	C
A |	0.8321	0.0708	0.0971
B |	0.2831	0.4993	0.2176
C |	0.1462	0.0817	0.7721
-- Emission Matrix --
	1	2	3	4
A |	0.413	0.425	0.085	0.078
B |	0.175	0.137	0.413	0.275
C |	0.091	0.107	0.099	0.704

-- Initial Matrix --
A | 0.16
C | 0.44
B | 0.40
-- Transition Matrix --
	A	B	C
A |	0.8272	0.0723	0.1005
B |	0.2872	0.4926	0.2201
C |	0.1460	0.0832	0.7707
-- Emission Matrix --
	1	2	3	4
A |	0.408	0.432	0.085	0.075
B |	0.178	0.135	0.415	0.272
C |	0.088	0.105	0.102	0.704
