
-- Initial Matrix --
A | 0.75
C | 0.21
B | 0.04
-- Transition Matrix --
	A	B	C
A |	0.8483	0.0335	0.1182
B |	0.4928	0.1537	0.3535
C |	0.1652	0.0312	0.8036
-- Emission Matrix --
	1	2	3	4
A |	0.418	0.407	0.101	0.074
B |	0.237	0.236	0.344	0.183
C |	0.104	0.102	0.148	0.646

-- Initial Matrix --
A | 0.74
C | 0.20
B | 0.06
-- Transition Matrix --
	A	B	C
A |	0.8487	0.0330	0.1183
B |	0.4916	0.1558	0.3525
C |	0.1649	0.0303	0.8048
-- Emission Matrix --
	1	2	3	4
A |	0.417	0.408	0.101	0.074
B |	0.240	0.237	0.341	0.182
C |	0.106	0.102	0.147	0.645
