
-- Initial Matrix --
A | 0.70
C | 0.21
B | 0.09
-- Transition Matrix --
	A	B	C
A |	0.8405	0.0632	0.0963
B |	0.2296	0.5447	0.2257
C |	0.1470	0.0859	0.7672
-- Emission Matrix --
	1	2	3	4
A |	0.417	0.415	0.085	0.083
B |	0.170	0.175	0.399	0.256
C |	0.099	0.101	0.103	0.698

-- Initial Matrix --
A | 0.62
C | 0.22
B | 0.15
-- Transition Matrix --
	A	B	C
A |	0.8422	0.0623	0.0955
B |	0.2270	0.5459	0.2272
C |	0.1465	0.0865	0.7670
-- Emission Matrix --
	1	2	3	4
A |	0.417	0.415	0.085	0.083
B |	0.170	0.176	0.399	0.255
C |	0.096	0.101	0.101	0.702
