
-- Initial Matrix --
A | 0.76
C | 0.22
B | 0.02
-- Transition Matrix --
	A	B	C
A |	0.8608	0.0144	0.1248
B |	0.4974	0.1051	0.3975
C |	0.1657	0.0136	0.8208
-- Emission Matrix --
	1	2	3	4
A |	0.403	0.405	0.107	0.085
B |	0.188	0.197	0.435	0.181
C |	0.101	0.105	0.146	0.648

-- Initial Matrix --
A | 0.76
C | 0.22
B | 0.02
-- Transition Matrix --
	A	B	C
A |	0.8608	0.0144	0.1248
B |	0.4972	0.1051	0.3977
C |	0.1657	0.0136	0.8207
-- Emission Matrix --
	1	2	3	4
A |	0.403	0.405	0.107	0.085
B |	0.188	0.196	0.435	0.181
C |	0.101	0.105	0.146	0.648
