
-- Initial Matrix --
A | 0.70
C | 0.16
B | 0.13
-- Transition Matrix --
	A	B	C
A |	0.8370	0.0583	0.1046
B |	0.2284	0.6796	0.0920
C |	0.1523	0.0397	0.8079
-- Emission Matrix --
	1	2	3	4
A |	0.419	0.423	0.076	0.082
B |	0.211	0.198	0.352	0.239
C |	0.107	0.106	0.129	0.658

-- Initial Matrix --
A | 0.70
C | 0.16
B | 0.14
-- Transition Matrix --
	A	B	C
A |	0.8371	0.0583	0.1046
B |	0.2278	0.6800	0.0922
C |	0.1523	0.0399	0.8078
-- Emission Matrix --
	1	2	3	4
A |	0.419	0.423	0.076	0.082
B |	0.211	0.198	0.352	0.239
C |	0.107	0.106	0.128	0.659
