
-- Initial Matrix --
A | 0.66
C | 0.17
B | 0.17
-- Transition Matrix --
	A	B	C
A |	0.8125	0.0900	0.0975
B |	0.2844	0.5680	0.1476
C |	0.1429	0.0543	0.8028
-- Emission Matrix --
	1	2	3	4
A |	0.418	0.420	0.069	0.094
B |	0.147	0.172	0.421	0.260
C |	0.110	0.102	0.106	0.682

-- Initial Matrix --
A | 0.62
C | 0.21
B | 0.16
-- Transition Matrix --
	A	B	C
A |	0.8139	0.0745	0.1116
B |	0.2894	0.5646	0.1460
C |	0.1519	0.0113	0.8368
-- Emission Matrix --
	1	2	3	4
A |	0.396	0.416	0.099	0.089
B |	0.127	0.174	0.436	0.263
C |	0.110	0.105	0.076	0.709
