
-- Initial Matrix --
A | 0.72
C | 0.22
B | 0.06
-- Transition Matrix --
	A	B	C
A |	0.8364	0.0434	0.1202
B |	0.4890	0.1737	0.3374
C |	0.1713	0.0363	0.7924
-- Emission Matrix --
	1	2	3	4
A |	0.416	0.402	0.111	0.071
B |	0.291	0.214	0.324	0.171
C |	0.096	0.109	0.150	0.645

-- Initial Matrix --
A | 0.72
C | 0.23
B | 0.06
-- Transition Matrix --
	A	B	C
A |	0.8363	0.0434	0.1203
B |	0.4888	0.1748	0.3363
C |	0.1713	0.0365	0.7923
-- Emission Matrix --
	1	2	3	4
A |	0.416	0.402	0.111	0.071
B |	0.291	0.214	0.324	0.171
C |	0.096	0.109	0.150	0.645
