
-- Initial Matrix --
A | 0.76
C | 0.17
B | 0.06
-- Transition Matrix --
	A	B	C
A |	0.8355	0.0524	0.1120
B |	0.4911	0.2016	0.3074
C |	0.1589	0.0471	0.7940
-- Emission Matrix --
	1	2	3	4
A |	0.414	0.421	0.097	0.067
B |	0.255	0.264	0.324	0.157
C |	0.098	0.095	0.144	0.663

-- Initial Matrix --
A | 0.52
C | 0.20
B | 0.27
-- Transition Matrix --
	A	B	C
A |	0.8307	0.0562	0.1132
B |	0.5285	0.1959	0.2755
C |	0.1570	0.0603	0.7827
-- Emission Matrix --
	1	2	3	4
A |	0.416	0.416	0.099	0.068
B |	0.263	0.224	0.340	0.173
C |	0.097	0.095	0.140	0.669
