
-- Initial Matrix --
A | 0.72
C | 0.17
B | 0.11
-- Transition Matrix --
	A	B	C
A |	0.8286	0.0589	0.1124
B |	0.2047	0.5705	0.2248
C |	0.1862	0.0802	0.7336
-- Emission Matrix --
	1	2	3	4
A |	0.423	0.440	0.081	0.056
B |	0.177	0.177	0.381	0.266
C |	0.088	0.094	0.113	0.706

-- Initial Matrix --
A | 0.72
C | 0.17
B | 0.11
-- Transition Matrix --
	A	B	C
A |	0.8286	0.0589	0.1125
B |	0.2048	0.5705	0.2247
C |	0.1861	0.0802	0.7337
-- Emission Matrix --
	1	2	3	4
A |	0.423	0.440	0.081	0.056
B |	0.177	0.177	0.380	0.266
C |	0.088	0.094	0.113	0.706
