
-- Initial Matrix --
A | 0.70
C | 0.16
B | 0.13
-- Transition Matrix --
	A	B	C
A |	0.8370	0.0583	0.1046
B |	0.2284	0.6796	0.0920
C |	0.1523	0.0397	0.8079
-- Emission Matrix --
	1	2	3	4
A |	0.419	0.423	0.076	0.082
B |	0.211	0.198	0.352	0.239
C |	0.107	0.106	0.129	0.658

-- Initial Matrix --
A | 0.73
C | 0.14
B | 0.13
-- Transition Matrix --
	A	B	C
A |	0.8374	0.0582	0.1043
B |	0.2305	0.6780	0.0916
C |	0.1534	0.0389	0.8077
-- Emission Matrix --
	1	2	3	4
A |	0.417	0.424	0.077	0.082
B |	0.209	0.198	0.353	0.240
C |	0.105	0.109	0.130	0.656
