
-- Initial Matrix --
A | 0.67
C | 0.20
B | 0.12
-- Transition Matrix --
	A	B	C
A |	0.8198	0.0772	0.1030
B |	0.3807	0.4473	0.1719
C |	0.1263	0.0691	0.8046
-- Emission Matrix --
	1	2	3	4
A |	0.421	0.432	0.066	0.081
B |	0.146	0.169	0.445	0.240
C |	0.110	0.109	0.110	0.671

-- Initial Matrix --
A | 0.67
C | 0.20
B | 0.13
-- Transition Matrix --
	A	B	C
A |	0.8192	0.0776	0.1032
B |	0.3808	0.4478	0.1714
C |	0.1260	0.0690	0.8050
-- Emission Matrix --
	1	2	3	4
A |	0.420	0.432	0.066	0.082
B |	0.146	0.166	0.448	0.240
C |	0.110	0.109	0.111	0.670
