
-- Initial Matrix --
A | 0.75
C | 0.12
B | 0.13
-- Transition Matrix --
	A	B	C
A |	0.8317	0.0821	0.0862
B |	0.2996	0.4951	0.2053
C |	0.1433	0.0729	0.7837
-- Emission Matrix --
	1	2	3	4
A |	0.427	0.433	0.074	0.065
B |	0.184	0.107	0.438	0.271
C |	0.089	0.102	0.109	0.700

-- Initial Matrix --
A | 0.56
C | 0.17
B | 0.27
-- Transition Matrix --
	A	B	C
A |	0.8081	0.1718	0.0201
B |	0.1810	0.3964	0.4226
C |	0.1198	0.1892	0.6910
-- Emission Matrix --
	1	2	3	4
A |	0.369	0.355	0.161	0.114
B |	0.197	0.111	0.522	0.170
C |	0.046	0.229	0.081	0.644
