
-- Initial Matrix --
A | 0.72
C | 0.16
B | 0.12
-- Transition Matrix --
	A	B	C
A |	0.8384	0.0636	0.0980
B |	0.2602	0.5581	0.1817
C |	0.1497	0.0583	0.7920
-- Emission Matrix --
	1	2	3	4
A |	0.406	0.438	0.079	0.077
B |	0.168	0.213	0.371	0.248
C |	0.110	0.102	0.103	0.684

-- Initial Matrix --
A | 0.45
C | 0.10
B | 0.45
-- Transition Matrix --
	A	B	C
A |	0.8060	0.0604	0.1336
B |	0.2505	0.4883	0.2612
C |	0.1474	0.1346	0.7180
-- Emission Matrix --
	1	2	3	4
A |	0.392	0.435	0.080	0.093
B |	0.216	0.225	0.353	0.206
C |	0.105	0.094	0.098	0.704
