
-- Initial Matrix --
A | 0.76
C | 0.22
B | 0.02
-- Transition Matrix --
	A	B	C
A |	0.8601	0.0190	0.1209
B |	0.4876	0.1045	0.4078
C |	0.1641	0.0126	0.8234
-- Emission Matrix --
	1	2	3	4
A |	0.416	0.414	0.095	0.076
B |	0.219	0.233	0.406	0.142
C |	0.109	0.093	0.169	0.628

-- Initial Matrix --
A | 0.76
C | 0.22
B | 0.02
-- Transition Matrix --
	A	B	C
A |	0.8600	0.0190	0.1209
B |	0.4876	0.1055	0.4068
C |	0.1641	0.0126	0.8233
-- Emission Matrix --
	1	2	3	4
A |	0.416	0.414	0.094	0.076
B |	0.214	0.236	0.408	0.141
C |	0.109	0.093	0.169	0.628
