
-- Initial Matrix --
A | 0.75
C | 0.24
B | 0.01
-- Transition Matrix --
	A	B	C
A |	0.8708	0.0113	0.1179
B |	0.5143	0.0721	0.4137
C |	0.1584	0.0137	0.8279
-- Emission Matrix --
	1	2	3	4
A |	0.392	0.411	0.116	0.081
B |	0.159	0.209	0.445	0.188
C |	0.095	0.104	0.146	0.655

-- Initial Matrix --
A | 0.57
C | 0.34
B | 0.09
-- Transition Matrix --
	A	B	C
A |	0.8719	0.0103	0.1178
B |	0.5143	0.0248	0.4609
C |	0.1616	0.0152	0.8232
-- Emission Matrix --
	1	2	3	4
A |	0.391	0.410	0.115	0.084
B |	0.040	0.125	0.541	0.293
C |	0.091	0.101	0.148	0.660
