
-- Initial Matrix --
A | 0.70
C | 0.17
B | 0.14
-- Transition Matrix --
	A	B	C
A |	0.8347	0.0547	0.1106
B |	0.2266	0.6584	0.1150
C |	0.1387	0.0430	0.8182
-- Emission Matrix --
	1	2	3	4
A |	0.419	0.418	0.080	0.083
B |	0.168	0.208	0.362	0.262
C |	0.097	0.091	0.112	0.700

-- Initial Matrix --
A | 0.73
C | 0.16
B | 0.11
-- Transition Matrix --
	A	B	C
A |	0.8390	0.0560	0.1049
B |	0.2257	0.6542	0.1202
C |	0.1425	0.0448	0.8126
-- Emission Matrix --
	1	2	3	4
A |	0.419	0.419	0.080	0.082
B |	0.165	0.206	0.354	0.275
C |	0.094	0.093	0.109	0.703
