
-- Initial Matrix --
A | 0.73
C | 0.14
B | 0.13
-- Transition Matrix --
	A	B	C
A |	0.8265	0.0875	0.0861
B |	0.3473	0.5071	0.1456
C |	0.1173	0.0614	0.8213
-- Emission Matrix --
	1	2	3	4
A |	0.430	0.426	0.053	0.092
B |	0.156	0.202	0.446	0.197
C |	0.118	0.109	0.129	0.644

-- Initial Matrix --
A | 0.53
C | 0.36
B | 0.11
-- Transition Matrix --
	A	B	C
A |	0.8214	0.0848	0.0939
B |	0.3454	0.5104	0.1442
C |	0.1206	0.0624	0.8169
-- Emission Matrix --
	1	2	3	4
A |	0.435	0.426	0.046	0.093
B |	0.146	0.210	0.443	0.201
C |	0.114	0.109	0.134	0.643
