
-- Initial Matrix --
A | 0.73
C | 0.14
B | 0.13
-- Transition Matrix --
	A	B	C
A |	0.8265	0.0875	0.0861
B |	0.3473	0.5071	0.1456
C |	0.1173	0.0614	0.8213
-- Emission Matrix --
	1	2	3	4
A |	0.430	0.426	0.053	0.092
B |	0.156	0.202	0.446	0.197
C |	0.118	0.109	0.129	0.644

-- Initial Matrix --
A | 0.44
C | 0.14
B | 0.41
-- Transition Matrix --
	A	B	C
A |	0.8332	0.1113	0.0556
B |	0.3071	0.4118	0.2811
C |	0.1299	0.0471	0.8230
-- Emission Matrix --
	1	2	3	4
A |	0.432	0.448	0.054	0.066
B |	0.137	0.328	0.455	0.079
C |	0.099	0.160	0.059	0.682
