
-- Initial Matrix --
A | 0.00
C | 0.36
B | 0.64
-- Transition Matrix --
	A	B	C
A |	0.0000	0.3243	0.6757
B |	0.0000	0.7194	0.2806
C |	0.0000	0.3618	0.6382
-- Emission Matrix --
	1	2	3	4
A |	0.072	0.644	0.012	0.273
B |	0.266	0.396	0.213	0.125
C |	0.177	0.078	0.116	0.630
noise: -45526.69948 noise: -45211.31944 noise: 18552.49260 noise: 370.16333 noise: -59329.95325 noise: 78121.45719 noise: -13246.76471 noise: 12505.24896 noise: -12770.45196
-- Initial Matrix --
A | 0.00
C | 0.36
B | 0.64
-- Transition Matrix --
	A	B	C
A |	0.4166	0.4137	0.1698
B |	0.0027	0.4283	0.5690
C |	0.3449	0.3297	0.3253
-- Emission Matrix --
	1	2	3	4
A |	0.072	0.644	0.012	0.273
B |	0.266	0.396	0.213	0.125
C |	0.177	0.078	0.116	0.630
