
-- Initial Matrix --
A | 0.28
C | 0.04
B | 0.67
-- Transition Matrix --
	A	B	C
A |	0.1296	0.7654	0.1050
B |	0.3669	0.6256	0.0075
C |	0.5399	0.4514	0.0087
-- Emission Matrix --
	1	2	3	4
A |	0.220	0.319	0.185	0.277
B |	0.287	0.237	0.158	0.318
C |	0.356	0.306	0.046	0.292
noise: -1226.28879 noise: 1666.23843 noise: -2398.65130 noise: 258.01357 noise: 3707.06869 noise: 2477.25908 noise: -4718.08035 noise: 2519.63831 noise: 2414.32814
-- Initial Matrix --
A | 0.28
C | 0.04
B | 0.67
-- Transition Matrix --
	A	B	C
A |	0.2178	0.3480	0.4342
B |	0.0703	0.5801	0.3496
C |	0.4869	0.2629	0.2502
-- Emission Matrix --
	1	2	3	4
A |	0.220	0.319	0.185	0.277
B |	0.287	0.237	0.158	0.318
C |	0.356	0.306	0.046	0.292
