
-- Initial Matrix --
A | 0.59
C | 0.31
B | 0.10
-- Transition Matrix --
	A	B	C
A |	0.5123	0.0636	0.4241
B |	0.7969	0.0175	0.1856
C |	0.7186	0.1333	0.1481
-- Emission Matrix --
	1	2	3	4
A |	0.242	0.269	0.210	0.279
B |	0.112	0.495	0.049	0.343
C |	0.374	0.208	0.116	0.301
noise: 91.53509 noise: -27.64322 noise: -206.50408 noise: 6.03840 noise: -55.60991 noise: -13.68631 noise: 16.85928 noise: -13.20140 noise: 11.42502
-- Initial Matrix --
A | 0.59
C | 0.31
B | 0.10
-- Transition Matrix --
	A	B	C
A |	0.8947	0.0204	0.0849
B |	0.5593	0.4302	0.0104
C |	0.7374	0.0859	0.1767
-- Emission Matrix --
	1	2	3	4
A |	0.242	0.269	0.210	0.279
B |	0.112	0.495	0.049	0.343
C |	0.374	0.208	0.116	0.301
