
-- Initial Matrix --
A | 0.82
C | 0.13
B | 0.05
-- Transition Matrix --
	A	B	C
A |	0.7842	0.0863	0.1294
B |	0.3311	0.0029	0.6660
C |	0.3643	0.3311	0.3046
-- Emission Matrix --
	1	2	3	4
A |	0.375	0.327	0.188	0.111
B |	0.125	0.005	0.025	0.845
C |	0.045	0.163	0.154	0.638
noise: -88.46321 noise: -349.42353 noise: -20.05018 noise: 53.35298 noise: 4.72674 noise: -636.61901 noise: -780.54476 noise: -65.21396 noise: 3.70076
-- Initial Matrix --
A | 0.82
C | 0.13
B | 0.05
-- Transition Matrix --
	A	B	C
A |	0.5216	0.3996	0.0788
B |	0.1503	0.0079	0.8418
C |	0.8848	0.0177	0.0975
-- Emission Matrix --
	1	2	3	4
A |	0.375	0.327	0.188	0.111
B |	0.125	0.005	0.025	0.845
C |	0.045	0.163	0.154	0.638
