
-- Initial Matrix --
A | 0.15
C | 0.72
B | 0.13
-- Transition Matrix --
	A	B	C
A |	0.6251	0.1628	0.2121
B |	0.3761	0.2104	0.4136
C |	0.1796	0.1518	0.6686
-- Emission Matrix --
	1	2	3	4
A |	0.085	0.140	0.114	0.660
B |	0.320	0.155	0.453	0.072
C |	0.365	0.375	0.123	0.137
noise: 185.37885 noise: -48.37365 noise: 437.88656 noise: 61.90061 noise: 902.13314 noise: -27.43769 noise: 13.97272 noise: 97.04358 noise: -174.20340
-- Initial Matrix --
A | 0.15
C | 0.72
B | 0.13
-- Transition Matrix --
	A	B	C
A |	0.5852	0.1303	0.2845
B |	0.2667	0.4761	0.2573
C |	0.1853	0.1760	0.6386
-- Emission Matrix --
	1	2	3	4
A |	0.085	0.140	0.114	0.660
B |	0.320	0.155	0.453	0.072
C |	0.365	0.375	0.123	0.137
