
-- Initial Matrix --
A | 0.55
C | 0.30
B | 0.15
-- Transition Matrix --
	A	B	C
A |	0.6766	0.1703	0.1531
B |	0.5960	0.1279	0.2761
C |	0.2214	0.0409	0.7377
-- Emission Matrix --
	1	2	3	4
A |	0.395	0.287	0.167	0.151
B |	0.133	0.471	0.241	0.155
C |	0.127	0.146	0.144	0.583
noise: -241.12542 noise: 406.28244 noise: -49.05132 noise: -724.11315 noise: 378.85695 noise: 284.23479 noise: -527.47014 noise: -103.69303 noise: 42.64615
-- Initial Matrix --
A | 0.55
C | 0.30
B | 0.15
-- Transition Matrix --
	A	B	C
A |	0.6115	0.2490	0.1395
B |	0.0205	0.4556	0.5239
C |	0.1054	0.0177	0.8769
-- Emission Matrix --
	1	2	3	4
A |	0.395	0.287	0.167	0.151
B |	0.133	0.471	0.241	0.155
C |	0.127	0.146	0.144	0.583
