
-- Initial Matrix --
A | 0.03
C | 0.82
B | 0.15
-- Transition Matrix --
	A	B	C
A |	0.0734	0.4961	0.4305
B |	0.0952	0.6032	0.3015
C |	0.0350	0.1713	0.7937
-- Emission Matrix --
	1	2	3	4
A |	0.050	0.171	0.237	0.542
B |	0.099	0.124	0.091	0.687
C |	0.354	0.333	0.196	0.117
noise: 380.29725 noise: -1450.17340 noise: -558.72678 noise: -280.23719 noise: -944.30695 noise: -940.67596 noise: -1125.75583 noise: -801.07354 noise: -1802.09155
-- Initial Matrix --
A | 0.03
C | 0.82
B | 0.15
-- Transition Matrix --
	A	B	C
A |	0.1646	0.6075	0.2279
B |	0.1353	0.4073	0.4574
C |	0.3541	0.2234	0.4225
-- Emission Matrix --
	1	2	3	4
A |	0.050	0.171	0.237	0.542
B |	0.099	0.124	0.091	0.687
C |	0.354	0.333	0.196	0.117
