
-- Initial Matrix --
A | 0.00
C | 0.29
B | 0.71
-- Transition Matrix --
	A	B	C
A |	0.0000	0.8985	0.1015
B |	0.0000	0.7576	0.2424
C |	0.0000	0.3410	0.6590
-- Emission Matrix --
	1	2	3	4
A |	0.020	0.216	0.223	0.542
B |	0.361	0.350	0.171	0.118
C |	0.127	0.122	0.169	0.582
noise: 0.19337 noise: 0.29221 noise: -0.17092 noise: -0.34310 noise: -0.14294 noise: -0.15064 noise: 0.00389 noise: 0.62489 noise: -0.06327
-- Initial Matrix --
A | 0.00
C | 0.29
B | 0.71
-- Transition Matrix --
	A	B	C
A |	0.2944	0.4454	0.2602
B |	0.0001	0.7576	0.2424
C |	0.0000	0.3411	0.6589
-- Emission Matrix --
	1	2	3	4
A |	0.020	0.216	0.223	0.542
B |	0.361	0.350	0.171	0.118
C |	0.127	0.122	0.169	0.582
