
-- Initial Matrix --
A | 0.49
C | 0.51
B | 0.00
-- Transition Matrix --
	A	B	C
A |	0.6524	0.0000	0.3476
B |	0.8476	0.0000	0.1524
C |	0.3839	0.0000	0.6161
-- Emission Matrix --
	1	2	3	4
A |	0.436	0.428	0.041	0.094
B |	0.066	0.041	0.003	0.890
C |	0.077	0.090	0.277	0.555
noise: -1535.38354 noise: 821.76378 noise: -2279.38427 noise: -1718.18399 noise: 582.39803 noise: 3401.27202 noise: 533.79122 noise: 3153.18862 noise: -869.66415
-- Initial Matrix --
A | 0.49
C | 0.51
B | 0.00
-- Transition Matrix --
	A	B	C
A |	0.2903	0.1998	0.5099
B |	0.3013	0.1021	0.5965
C |	0.1611	0.7092	0.1298
-- Emission Matrix --
	1	2	3	4
A |	0.436	0.428	0.041	0.094
B |	0.066	0.041	0.003	0.890
C |	0.077	0.090	0.277	0.555
