
-- Initial Matrix --
A | 0.00
C | 0.29
B | 0.71
-- Transition Matrix --
	A	B	C
A |	0.0000	0.8985	0.1015
B |	0.0000	0.7576	0.2424
C |	0.0000	0.3410	0.6590
-- Emission Matrix --
	1	2	3	4
A |	0.020	0.216	0.223	0.542
B |	0.361	0.350	0.171	0.118
C |	0.127	0.122	0.169	0.582
noise: -11.18260 noise: -18.55420 noise: 60.69490 noise: 21.29352 noise: -33.89011 noise: -17.26035 noise: 19.24454 noise: -64.55903 noise: 43.51247
-- Initial Matrix --
A | 0.00
C | 0.29
B | 0.71
-- Transition Matrix --
	A	B	C
A |	0.1237	0.2052	0.6712
B |	0.0037	0.7556	0.2406
C |	0.0048	0.3252	0.6700
-- Emission Matrix --
	1	2	3	4
A |	0.020	0.216	0.223	0.542
B |	0.361	0.350	0.171	0.118
C |	0.127	0.122	0.169	0.582
