
-- Initial Matrix --
A | 0.01
C | 0.19
B | 0.81
-- Transition Matrix --
	A	B	C
A |	0.0180	0.6137	0.3683
B |	0.0036	0.7519	0.2445
C |	0.0466	0.2251	0.7283
-- Emission Matrix --
	1	2	3	4
A |	0.096	0.342	0.031	0.531
B |	0.414	0.337	0.138	0.111
C |	0.088	0.141	0.227	0.543
noise: -96.75462 noise: 13.22351 noise: 4.98779 noise: 167.65376 noise: 266.91119 noise: 124.54591 noise: -37.81202 noise: -0.87973 noise: 153.74807
-- Initial Matrix --
A | 0.01
C | 0.19
B | 0.81
-- Transition Matrix --
	A	B	C
A |	0.6756	0.2156	0.1087
B |	0.1603	0.6067	0.2330
C |	0.0265	0.1693	0.8042
-- Emission Matrix --
	1	2	3	4
A |	0.096	0.342	0.031	0.531
B |	0.414	0.337	0.138	0.111
C |	0.088	0.141	0.227	0.543
