
-- Initial Matrix --
A | 0.15
C | 0.72
B | 0.13
-- Transition Matrix --
	A	B	C
A |	0.6251	0.1628	0.2121
B |	0.3761	0.2104	0.4136
C |	0.1796	0.1518	0.6686
-- Emission Matrix --
	1	2	3	4
A |	0.085	0.140	0.114	0.660
B |	0.320	0.155	0.453	0.072
C |	0.365	0.375	0.123	0.137
noise: 10.35995 noise: -30.85908 noise: 11.01639 noise: 12.49505 noise: -49.59911 noise: -9.29071 noise: 41.14123 noise: 49.32056 noise: -10.89433
-- Initial Matrix --
A | 0.15
C | 0.72
B | 0.13
-- Transition Matrix --
	A	B	C
A |	0.6294	0.1551	0.2155
B |	0.3940	0.1865	0.4195
C |	0.1855	0.1600	0.6545
-- Emission Matrix --
	1	2	3	4
A |	0.085	0.140	0.114	0.660
B |	0.320	0.155	0.453	0.072
C |	0.365	0.375	0.123	0.137
