
-- Initial Matrix --
A | 0.28
C | 0.07
B | 0.65
-- Transition Matrix --
	A	B	C
A |	0.6457	0.2952	0.0591
B |	0.2138	0.7152	0.0711
C |	0.3033	0.6635	0.0332
-- Emission Matrix --
	1	2	3	4
A |	0.114	0.121	0.123	0.641
B |	0.356	0.330	0.190	0.124
C |	0.204	0.441	0.241	0.113
noise: -4.40844 noise: 0.62642 noise: 1.20306 noise: -4.30471 noise: 0.45014 noise: -2.18957 noise: 0.30309 noise: 0.66584 noise: -1.13223
-- Initial Matrix --
A | 0.28
C | 0.07
B | 0.65
-- Transition Matrix --
	A	B	C
A |	0.6450	0.2955	0.0595
B |	0.2132	0.7160	0.0707
C |	0.3038	0.6647	0.0315
-- Emission Matrix --
	1	2	3	4
A |	0.114	0.121	0.123	0.641
B |	0.356	0.330	0.190	0.124
C |	0.204	0.441	0.241	0.113
