
-- Initial Matrix --
A | 0.66
C | 0.23
B | 0.11
-- Transition Matrix --
	A	B	C
A |	0.7490	0.0994	0.1516
B |	0.4457	0.1854	0.3689
C |	0.2572	0.1437	0.5991
-- Emission Matrix --
	1	2	3	4
A |	0.350	0.351	0.191	0.109
B |	0.181	0.035	0.408	0.375
C |	0.122	0.161	0.071	0.646
noise: -0.01970 noise: -43.40823 noise: 19.75176 noise: -46.01066 noise: 2.20742 noise: 47.58379 noise: 61.42941 noise: -13.97964 noise: 20.30165
-- Initial Matrix --
A | 0.66
C | 0.23
B | 0.11
-- Transition Matrix --
	A	B	C
A |	0.7522	0.0918	0.1559
B |	0.4103	0.1865	0.4032
C |	0.2706	0.1365	0.5929
-- Emission Matrix --
	1	2	3	4
A |	0.350	0.351	0.191	0.109
B |	0.181	0.035	0.408	0.375
C |	0.122	0.161	0.071	0.646
