
-- Initial Matrix --
A | 0.00
C | 0.41
B | 0.59
-- Transition Matrix --
	A	B	C
A |	0.0000	0.6780	0.3220
B |	0.0001	0.6969	0.3031
C |	0.0001	0.3264	0.6734
-- Emission Matrix --
	1	2	3	4
A |	0.096	0.024	0.577	0.303
B |	0.456	0.332	0.103	0.109
C |	0.097	0.178	0.224	0.501
noise: 176.68849 noise: 351.22943 noise: 147.66801 noise: -508.18184 noise: -49.75722 noise: -976.82384 noise: -331.53850 noise: 1171.15291 noise: -62.88312
-- Initial Matrix --
A | 0.00
C | 0.41
B | 0.59
-- Transition Matrix --
	A	B	C
A |	0.2615	0.5199	0.2186
B |	0.3104	0.1876	0.5020
C |	0.1729	0.6921	0.1350
-- Emission Matrix --
	1	2	3	4
A |	0.096	0.024	0.577	0.303
B |	0.456	0.332	0.103	0.109
C |	0.097	0.178	0.224	0.501
