
-- Initial Matrix --
A | 0.34
C | 0.33
B | 0.34
-- Transition Matrix --
	A	B	C
A |	0.3101	0.3047	0.3852
B |	0.2111	0.3114	0.4775
C |	0.5467	0.2439	0.2093
-- Emission Matrix --
	1	2	3	4
A |	0.222	0.238	0.242	0.299
B |	0.428	0.184	0.002	0.386
C |	0.137	0.324	0.244	0.295
noise: 66.76543 noise: -71.19677 noise: 100.91841 noise: -7.87801 noise: 299.98674 noise: -164.97796 noise: -133.52691 noise: -17.22428 noise: 117.74457
-- Initial Matrix --
A | 0.34
C | 0.33
B | 0.34
-- Transition Matrix --
	A	B	C
A |	0.3200	0.2776	0.4023
B |	0.1993	0.3997	0.4010
C |	0.5131	0.2413	0.2457
-- Emission Matrix --
	1	2	3	4
A |	0.222	0.238	0.242	0.299
B |	0.428	0.184	0.002	0.386
C |	0.137	0.324	0.244	0.295
