
-- Initial Matrix --
A | 0.28
C | 0.07
B | 0.65
-- Transition Matrix --
	A	B	C
A |	0.6457	0.2952	0.0591
B |	0.2138	0.7152	0.0711
C |	0.3033	0.6635	0.0332
-- Emission Matrix --
	1	2	3	4
A |	0.114	0.121	0.123	0.641
B |	0.356	0.330	0.190	0.124
C |	0.204	0.441	0.241	0.113
noise: 265.17781 noise: 21.33921 noise: 136.96474 noise: -166.82910 noise: -62.14961 noise: -131.12337 noise: -10.63858 noise: 128.59397 noise: 74.68497
-- Initial Matrix --
A | 0.28
C | 0.07
B | 0.65
-- Transition Matrix --
	A	B	C
A |	0.6438	0.2707	0.0856
B |	0.1961	0.7537	0.0503
C |	0.2220	0.6644	0.1136
-- Emission Matrix --
	1	2	3	4
A |	0.114	0.121	0.123	0.641
B |	0.356	0.330	0.190	0.124
C |	0.204	0.441	0.241	0.113
