
-- Initial Matrix --
A | 0.73
C | 0.24
B | 0.03
-- Transition Matrix --
	A	B	C
A |	0.7782	0.0309	0.1909
B |	0.5591	0.3224	0.1185
C |	0.2546	0.0681	0.6773
-- Emission Matrix --
	1	2	3	4
A |	0.336	0.351	0.191	0.122
B |	0.101	0.066	0.313	0.521
C |	0.151	0.136	0.125	0.588
noise: 143.22393 noise: 34.63678 noise: -27.54439 noise: -18.25161 noise: 20.92802 noise: -3.70311 noise: 9.21833 noise: 28.57048 noise: 9.55129
-- Initial Matrix --
A | 0.73
C | 0.24
B | 0.03
-- Transition Matrix --
	A	B	C
A |	0.7827	0.0360	0.1813
B |	0.5325	0.3544	0.1131
C |	0.2539	0.0751	0.6711
-- Emission Matrix --
	1	2	3	4
A |	0.336	0.351	0.191	0.122
B |	0.101	0.066	0.313	0.521
C |	0.151	0.136	0.125	0.588
