
-- Initial Matrix --
A | 0.65
C | 0.02
B | 0.33
-- Transition Matrix --
	A	B	C
A |	0.7844	0.2059	0.0097
B |	0.2736	0.6906	0.0357
C |	0.6426	0.3462	0.0112
-- Emission Matrix --
	1	2	3	4
A |	0.340	0.319	0.200	0.141
B |	0.130	0.131	0.142	0.597
C |	0.122	0.456	0.167	0.255
noise: 8.24033 noise: -2.17532 noise: 0.40993 noise: 1.21176 noise: 4.41141 noise: -0.98867 noise: -2.53202 noise: 5.50473 noise: -1.70345
-- Initial Matrix --
A | 0.65
C | 0.02
B | 0.33
-- Transition Matrix --
	A	B	C
A |	0.7850	0.2053	0.0098
B |	0.2736	0.6909	0.0354
C |	0.6273	0.3694	0.0033
-- Emission Matrix --
	1	2	3	4
A |	0.340	0.319	0.200	0.141
B |	0.130	0.131	0.142	0.597
C |	0.122	0.456	0.167	0.255
