
-- Initial Matrix --
A | 0.28
C | 0.07
B | 0.65
-- Transition Matrix --
	A	B	C
A |	0.6457	0.2952	0.0591
B |	0.2138	0.7152	0.0711
C |	0.3033	0.6635	0.0332
-- Emission Matrix --
	1	2	3	4
A |	0.114	0.121	0.123	0.641
B |	0.356	0.330	0.190	0.124
C |	0.204	0.441	0.241	0.113
noise: -3.91619 noise: 1.56963 noise: -3.08729 noise: 3.15026 noise: 35.65593 noise: -7.09407 noise: -2.34884 noise: 2.10787 noise: 21.02947
-- Initial Matrix --
A | 0.28
C | 0.07
B | 0.65
-- Transition Matrix --
	A	B	C
A |	0.6456	0.2960	0.0584
B |	0.2131	0.7175	0.0694
C |	0.2905	0.6463	0.0632
-- Emission Matrix --
	1	2	3	4
A |	0.114	0.121	0.123	0.641
B |	0.356	0.330	0.190	0.124
C |	0.204	0.441	0.241	0.113
