
-- Initial Matrix --
A | 0.91
C | 0.02
B | 0.07
-- Transition Matrix --
	A	B	C
A |	0.7886	0.2015	0.0098
B |	0.2260	0.7410	0.0329
C |	0.8836	0.0792	0.0371
-- Emission Matrix --
	1	2	3	4
A |	0.396	0.340	0.144	0.119
B |	0.135	0.129	0.166	0.569
C |	0.001	0.279	0.558	0.162
noise: 165.60112 noise: -42.67749 noise: 6.86160 noise: 29.36934 noise: 9.77285 noise: 16.70148 noise: 211.61442 noise: -129.18103 noise: -7.09556
-- Initial Matrix --
A | 0.91
C | 0.02
B | 0.07
-- Transition Matrix --
	A	B	C
A |	0.8818	0.1001	0.0181
B |	0.2612	0.6746	0.0642
C |	0.6327	0.3500	0.0173
-- Emission Matrix --
	1	2	3	4
A |	0.396	0.340	0.144	0.119
B |	0.135	0.129	0.166	0.569
C |	0.001	0.279	0.558	0.162
