
-- Initial Matrix --
A | 0.28
C | 0.33
B | 0.38
-- Transition Matrix --
	A	B	C
A |	0.6213	0.2056	0.1731
B |	0.2851	0.4381	0.2768
C |	0.2937	0.2007	0.5057
-- Emission Matrix --
	1	2	3	4
A |	0.068	0.041	0.214	0.677
B |	0.668	0.168	0.066	0.098
C |	0.165	0.598	0.194	0.042
noise: 12183.04734 noise: 14781.33661 noise: -28244.57381 noise: -136780.06706 noise: -73528.23278 noise: 26727.41293 noise: 47707.17185 noise: -6464.27668 noise: 38686.53207
-- Initial Matrix --
A | 0.28
C | 0.33
B | 0.38
-- Transition Matrix --
	A	B	C
A |	0.2244	0.2680	0.5076
B |	0.5770	0.3099	0.1131
C |	0.5137	0.0688	0.4174
-- Emission Matrix --
	1	2	3	4
A |	0.068	0.041	0.214	0.677
B |	0.668	0.168	0.066	0.098
C |	0.165	0.598	0.194	0.042
