
-- Initial Matrix --
A | 0.34
C | 0.29
B | 0.36
-- Transition Matrix --
	A	B	C
A |	0.2947	0.2411	0.4643
B |	0.0542	0.6578	0.2880
C |	0.7159	0.2298	0.0543
-- Emission Matrix --
	1	2	3	4
A |	0.369	0.362	0.187	0.082
B |	0.096	0.128	0.149	0.626
C |	0.316	0.309	0.207	0.167
noise: -3.54277 noise: -4.06691 noise: -37.47939 noise: -23.46200 noise: 7.61971 noise: -42.58828 noise: 69.82397 noise: 9.41965 noise: 119.96677
-- Initial Matrix --
A | 0.34
C | 0.29
B | 0.36
-- Transition Matrix --
	A	B	C
A |	0.2978	0.2433	0.4589
B |	0.0491	0.6694	0.2816
C |	0.6914	0.2176	0.0910
-- Emission Matrix --
	1	2	3	4
A |	0.369	0.362	0.187	0.082
B |	0.096	0.128	0.149	0.626
C |	0.316	0.309	0.207	0.167
