
-- Initial Matrix --
A | 0.29
C | 0.01
B | 0.71
-- Transition Matrix --
	A	B	C
A |	0.6870	0.3038	0.0091
B |	0.2184	0.7764	0.0052
C |	0.1645	0.8313	0.0043
-- Emission Matrix --
	1	2	3	4
A |	0.135	0.113	0.152	0.600
B |	0.343	0.350	0.181	0.126
C |	0.060	0.183	0.496	0.260
noise: -186.37449 noise: -138.70409 noise: -231.04713 noise: -163.86126 noise: -30.61959 noise: -13.45533 noise: 93.69475 noise: 65.75292 noise: 60.12287
-- Initial Matrix --
A | 0.29
C | 0.01
B | 0.71
-- Transition Matrix --
	A	B	C
A |	0.6846	0.2957	0.0196
B |	0.2080	0.7879	0.0041
C |	0.3212	0.5135	0.1653
-- Emission Matrix --
	1	2	3	4
A |	0.135	0.113	0.152	0.600
B |	0.343	0.350	0.181	0.126
C |	0.060	0.183	0.496	0.260
