
-- Initial Matrix --
A | 0.62
C | 0.03
B | 0.35
-- Transition Matrix --
	A	B	C
A |	0.6768	0.3055	0.0177
B |	0.3368	0.5910	0.0722
C |	0.3611	0.5966	0.0423
-- Emission Matrix --
	1	2	3	4
A |	0.283	0.353	0.275	0.089
B |	0.242	0.144	0.075	0.540
C |	0.107	0.210	0.032	0.650
noise: -1.77369 noise: -0.77458 noise: -0.77571 noise: -4.89779 noise: -4.19234 noise: -0.42562 noise: 0.30039 noise: -0.40284 noise: 0.14668
-- Initial Matrix --
A | 0.62
C | 0.03
B | 0.35
-- Transition Matrix --
	A	B	C
A |	0.6768	0.3055	0.0177
B |	0.3366	0.5912	0.0722
C |	0.3614	0.5961	0.0425
-- Emission Matrix --
	1	2	3	4
A |	0.283	0.353	0.275	0.089
B |	0.242	0.144	0.075	0.540
C |	0.107	0.210	0.032	0.650
