
-- Initial Matrix --
A | 0.90
C | 0.10
B | 0.00
-- Transition Matrix --
	A	B	C
A |	0.7266	0.0000	0.2734
B |	0.0822	0.0000	0.9178
C |	0.3430	0.0000	0.6570
-- Emission Matrix --
	1	2	3	4
A |	0.330	0.401	0.178	0.091
B |	0.062	0.099	0.821	0.018
C |	0.162	0.039	0.158	0.640
noise: -19.33225 noise: 161.47257 noise: 17.49791 noise: 97.61632 noise: 271.96987 noise: -151.20512 noise: -40.70060 noise: -13.96898 noise: -249.84230
-- Initial Matrix --
A | 0.90
C | 0.10
B | 0.00
-- Transition Matrix --
	A	B	C
A |	0.6203	0.1269	0.2529
B |	0.1875	0.5223	0.2903
C |	0.4323	0.0230	0.5447
-- Emission Matrix --
	1	2	3	4
A |	0.330	0.401	0.178	0.091
B |	0.062	0.099	0.821	0.018
C |	0.162	0.039	0.158	0.640
