
-- Initial Matrix --
A | 0.70
C | 0.15
B | 0.15
-- Transition Matrix --
	A	B	C
A |	0.7645	0.1089	0.1266
B |	0.3835	0.2463	0.3702
C |	0.3465	0.5104	0.1431
-- Emission Matrix --
	1	2	3	4
A |	0.365	0.303	0.218	0.114
B |	0.070	0.160	0.154	0.616
C |	0.099	0.175	0.018	0.707
noise: 5.89069 noise: 3.86184 noise: -0.16485 noise: -0.74120 noise: 0.69640 noise: -0.03743 noise: 2.03594 noise: 4.60617 noise: -3.52093
-- Initial Matrix --
A | 0.70
C | 0.15
B | 0.15
-- Transition Matrix --
	A	B	C
A |	0.7633	0.1112	0.1255
B |	0.3818	0.2480	0.3702
C |	0.3492	0.5189	0.1320
-- Emission Matrix --
	1	2	3	4
A |	0.365	0.303	0.218	0.114
B |	0.070	0.160	0.154	0.616
C |	0.099	0.175	0.018	0.707
