
-- Initial Matrix --
A | 0.31
C | 0.26
B | 0.42
-- Transition Matrix --
	A	B	C
A |	0.3111	0.4317	0.2572
B |	0.2240	0.5280	0.2480
C |	0.1673	0.2071	0.6256
-- Emission Matrix --
	1	2	3	4
A |	0.172	0.656	0.050	0.123
B |	0.467	0.168	0.278	0.088
C |	0.055	0.159	0.160	0.627
noise: -0.23847 noise: 3.07047 noise: -11.32189 noise: 2.22064 noise: -1.01029 noise: -5.42381 noise: 3.17311 noise: -31.63207 noise: -1.04759
-- Initial Matrix --
A | 0.31
C | 0.26
B | 0.42
-- Transition Matrix --
	A	B	C
A |	0.3167	0.4474	0.2359
B |	0.2283	0.5296	0.2421
C |	0.1779	0.1737	0.6484
-- Emission Matrix --
	1	2	3	4
A |	0.172	0.656	0.050	0.123
B |	0.467	0.168	0.278	0.088
C |	0.055	0.159	0.160	0.627
