
-- Initial Matrix --
A | 0.76
C | 0.16
B | 0.08
-- Transition Matrix --
	A	B	C
A |	0.8533	0.1072	0.0395
B |	0.2622	0.0083	0.7295
C |	0.2454	0.0325	0.7221
-- Emission Matrix --
	1	2	3	4
A |	0.322	0.319	0.188	0.170
B |	0.212	0.255	0.200	0.332
C |	0.136	0.114	0.131	0.618
noise: -2.65241 noise: 24.45854 noise: 3.09251 noise: -14.40875 noise: 22.32629 noise: -13.34232 noise: -7.22477 noise: 4.35196 noise: -9.41739
-- Initial Matrix --
A | 0.76
C | 0.16
B | 0.08
-- Transition Matrix --
	A	B	C
A |	0.8514	0.1089	0.0397
B |	0.2548	0.0211	0.7242
C |	0.2447	0.0333	0.7220
-- Emission Matrix --
	1	2	3	4
A |	0.322	0.319	0.188	0.170
B |	0.212	0.255	0.200	0.332
C |	0.136	0.114	0.131	0.618
