
-- Initial Matrix --
A | 0.28
C | 0.72
B | 0.00
-- Transition Matrix --
	A	B	C
A |	0.7636	0.0028	0.2336
B |	0.0414	0.0002	0.9584
C |	0.1806	0.0017	0.8178
-- Emission Matrix --
	1	2	3	4
A |	0.140	0.155	0.160	0.546
B |	0.066	0.293	0.031	0.610
C |	0.341	0.341	0.185	0.132
noise: 3.44799 noise: -0.11389 noise: 0.11277 noise: 0.01691 noise: -1.08031 noise: 0.04133 noise: 1.86878 noise: 1.35520 noise: -0.99185
-- Initial Matrix --
A | 0.28
C | 0.72
B | 0.00
-- Transition Matrix --
	A	B	C
A |	0.7637	0.0028	0.2335
B |	0.0410	0.0171	0.9419
C |	0.1807	0.0018	0.8175
-- Emission Matrix --
	1	2	3	4
A |	0.140	0.155	0.160	0.546
B |	0.066	0.293	0.031	0.610
C |	0.341	0.341	0.185	0.132
