
-- Initial Matrix --
A | 0.38
C | 0.49
B | 0.13
-- Transition Matrix --
	A	B	C
A |	0.4700	0.0356	0.4944
B |	0.2467	0.5086	0.2447
C |	0.2743	0.2921	0.4336
-- Emission Matrix --
	1	2	3	4
A |	0.559	0.126	0.175	0.141
B |	0.086	0.083	0.138	0.692
C |	0.130	0.470	0.180	0.220
noise: 2.50039 noise: -1.10159 noise: 8.58431 noise: 3.65075 noise: 5.82223 noise: 0.67753 noise: -1.38736 noise: 0.62249 noise: 0.95268
-- Initial Matrix --
A | 0.38
C | 0.49
B | 0.13
-- Transition Matrix --
	A	B	C
A |	0.4666	0.0333	0.5001
B |	0.2491	0.5100	0.2409
C |	0.2726	0.2928	0.4346
-- Emission Matrix --
	1	2	3	4
A |	0.559	0.126	0.175	0.141
B |	0.086	0.083	0.138	0.692
C |	0.130	0.470	0.180	0.220
