
-- Initial Matrix --
A | 0.63
C | 0.23
B | 0.15
-- Transition Matrix --
	A	B	C
A |	0.6067	0.1758	0.2175
B |	0.6936	0.0230	0.2834
C |	0.3035	0.0402	0.6563
-- Emission Matrix --
	1	2	3	4
A |	0.338	0.349	0.201	0.112
B |	0.348	0.350	0.164	0.138
C |	0.106	0.102	0.156	0.637
noise: 470.27504 noise: 37.37024 noise: -429.81350 noise: 2036.51804 noise: 470.63275 noise: -553.93494 noise: -25.06282 noise: 2644.96106 noise: -2.29397
-- Initial Matrix --
A | 0.63
C | 0.23
B | 0.15
-- Transition Matrix --
	A	B	C
A |	0.6496	0.1782	0.1722
B |	0.8583	0.1259	0.0158
C |	0.2261	0.2800	0.4939
-- Emission Matrix --
	1	2	3	4
A |	0.338	0.349	0.201	0.112
B |	0.348	0.350	0.164	0.138
C |	0.106	0.102	0.156	0.637
