
-- Initial Matrix --
A | 0.02
C | 0.66
B | 0.32
-- Transition Matrix --
	A	B	C
A |	0.0024	0.5950	0.4026
B |	0.0064	0.6677	0.3260
C |	0.0193	0.2223	0.7583
-- Emission Matrix --
	1	2	3	4
A |	0.469	0.282	0.042	0.207
B |	0.106	0.184	0.130	0.579
C |	0.395	0.320	0.185	0.100
noise: 58.03342 noise: -236.20997 noise: 65.70324 noise: -17.37447 noise: 51.41530 noise: -446.07635 noise: 367.59089 noise: 173.22935 noise: -236.04268
-- Initial Matrix --
A | 0.02
C | 0.66
B | 0.32
-- Transition Matrix --
	A	B	C
A |	0.1642	0.6133	0.2225
B |	0.0155	0.7531	0.2314
C |	0.2736	0.2965	0.4299
-- Emission Matrix --
	1	2	3	4
A |	0.469	0.282	0.042	0.207
B |	0.106	0.184	0.130	0.579
C |	0.395	0.320	0.185	0.100
