
-- Initial Matrix --
A | 0.20
C | 0.75
B | 0.05
-- Transition Matrix --
	A	B	C
A |	0.6834	0.0647	0.2519
B |	0.4742	0.0646	0.4612
C |	0.1865	0.0368	0.7767
-- Emission Matrix --
	1	2	3	4
A |	0.070	0.138	0.164	0.628
B |	0.685	0.114	0.057	0.144
C |	0.336	0.339	0.196	0.129
noise: 1326.85552 noise: 447.22676 noise: 375.10298 noise: 403.99618 noise: 588.80764 noise: -1200.94457 noise: 1057.34350 noise: -242.88001 noise: -631.01678
-- Initial Matrix --
A | 0.20
C | 0.75
B | 0.05
-- Transition Matrix --
	A	B	C
A |	0.6692	0.0956	0.2352
B |	0.4122	0.2901	0.2977
C |	0.2781	0.0145	0.7075
-- Emission Matrix --
	1	2	3	4
A |	0.070	0.138	0.164	0.628
B |	0.685	0.114	0.057	0.144
C |	0.336	0.339	0.196	0.129
