
-- Initial Matrix --
A | 0.03
C | 0.22
B | 0.75
-- Transition Matrix --
	A	B	C
A |	0.0175	0.6735	0.3091
B |	0.0494	0.7710	0.1796
C |	0.0122	0.2631	0.7247
-- Emission Matrix --
	1	2	3	4
A |	0.156	0.176	0.436	0.232
B |	0.387	0.307	0.163	0.143
C |	0.135	0.181	0.132	0.552
noise: 174.52943 noise: -512.54177 noise: -2439.69916 noise: -3114.17210 noise: -509.06409 noise: -2738.10479 noise: -867.61590 noise: -885.80064 noise: 720.36238
-- Initial Matrix --
A | 0.03
C | 0.22
B | 0.75
-- Transition Matrix --
	A	B	C
A |	0.0575	0.1519	0.7906
B |	0.5142	0.0592	0.4266
C |	0.3024	0.2373	0.4603
-- Emission Matrix --
	1	2	3	4
A |	0.156	0.176	0.436	0.232
B |	0.387	0.307	0.163	0.143
C |	0.135	0.181	0.132	0.552
