
-- Initial Matrix --
A | 0.65
C | 0.35
B | 0.00
-- Transition Matrix --
	A	B	C
A |	0.7140	0.0000	0.2860
B |	0.9254	0.0000	0.0746
C |	0.5424	0.0000	0.4576
-- Emission Matrix --
	1	2	3	4
A |	0.246	0.283	0.053	0.417
B |	0.209	0.185	0.546	0.060
C |	0.277	0.192	0.401	0.130
noise: -0.50660 noise: 0.05536 noise: -0.34279 noise: 0.10065 noise: 0.03011 noise: 0.35524 noise: -0.17568 noise: 0.07046 noise: -0.15200
-- Initial Matrix --
A | 0.65
C | 0.35
B | 0.00
-- Transition Matrix --
	A	B	C
A |	0.7140	0.0000	0.2860
B |	0.2074	0.0619	0.7307
C |	0.5424	0.0000	0.4576
-- Emission Matrix --
	1	2	3	4
A |	0.246	0.283	0.053	0.417
B |	0.209	0.185	0.546	0.060
C |	0.277	0.192	0.401	0.130
