
-- Initial Matrix --
A | 0.90
C | 0.10
B | 0.00
-- Transition Matrix --
	A	B	C
A |	0.7266	0.0000	0.2734
B |	0.0822	0.0000	0.9178
C |	0.3430	0.0000	0.6570
-- Emission Matrix --
	1	2	3	4
A |	0.330	0.401	0.178	0.091
B |	0.062	0.099	0.821	0.018
C |	0.162	0.039	0.158	0.640
noise: -871.91846 noise: 1055.79693 noise: 1543.32314 noise: 713.43505 noise: 15.32673 noise: -939.45994 noise: 265.98793 noise: -120.80783 noise: 3253.15467
-- Initial Matrix --
A | 0.90
C | 0.10
B | 0.00
-- Transition Matrix --
	A	B	C
A |	0.0212	0.3559	0.6228
B |	0.4277	0.0092	0.5631
C |	0.1257	0.0267	0.8475
-- Emission Matrix --
	1	2	3	4
A |	0.330	0.401	0.178	0.091
B |	0.062	0.099	0.821	0.018
C |	0.162	0.039	0.158	0.640
