
-- Initial Matrix --
A | 0.35
C | 0.55
B | 0.10
-- Transition Matrix --
	A	B	C
A |	0.4288	0.2484	0.3227
B |	0.2169	0.5889	0.1942
C |	0.2671	0.2958	0.4371
-- Emission Matrix --
	1	2	3	4
A |	0.235	0.528	0.096	0.141
B |	0.095	0.051	0.126	0.728
C |	0.466	0.235	0.297	0.003
noise: -470.40962 noise: -299.28526 noise: -1366.44064 noise: 838.54776 noise: 584.99413 noise: 34.65117 noise: -5347.26046 noise: -330.31638 noise: 409.17864
-- Initial Matrix --
A | 0.35
C | 0.55
B | 0.10
-- Transition Matrix --
	A	B	C
A |	0.1391	0.0980	0.7629
B |	0.4477	0.4679	0.0843
C |	0.8632	0.0260	0.1108
-- Emission Matrix --
	1	2	3	4
A |	0.235	0.528	0.096	0.141
B |	0.095	0.051	0.126	0.728
C |	0.466	0.235	0.297	0.003
