
-- Initial Matrix --
A | 0.00
C | 0.75
B | 0.25
-- Transition Matrix --
	A	B	C
A |	0.0000	0.9862	0.0138
B |	0.0000	0.5814	0.4186
C |	0.0000	0.2724	0.7276
-- Emission Matrix --
	1	2	3	4
A |	0.005	0.947	0.017	0.031
B |	0.085	0.075	0.143	0.697
C |	0.358	0.364	0.195	0.083
noise: -24.69286 noise: 5.32349 noise: 2.25601 noise: -23.67764 noise: -1.81469 noise: -2.41937 noise: -4.06408 noise: -9.78307 noise: 13.02040
-- Initial Matrix --
A | 0.00
C | 0.75
B | 0.25
-- Transition Matrix --
	A	B	C
A |	0.7651	0.1650	0.0699
B |	0.0030	0.5798	0.4172
C |	0.0003	0.2714	0.7282
-- Emission Matrix --
	1	2	3	4
A |	0.005	0.947	0.017	0.031
B |	0.085	0.075	0.143	0.697
C |	0.358	0.364	0.195	0.083
