
-- Initial Matrix --
A | 0.77
C | 0.01
B | 0.22
-- Transition Matrix --
	A	B	C
A |	0.7874	0.2013	0.0113
B |	0.3255	0.6612	0.0133
C |	0.8398	0.1596	0.0006
-- Emission Matrix --
	1	2	3	4
A |	0.394	0.330	0.188	0.087
B |	0.082	0.120	0.132	0.666
C |	0.077	0.458	0.228	0.237
noise: -79.29916 noise: -5.64863 noise: 104.72220 noise: 33.74150 noise: 160.46124 noise: -103.23665 noise: 0.19213 noise: -1.35976 noise: 99.88953
-- Initial Matrix --
A | 0.77
C | 0.01
B | 0.22
-- Transition Matrix --
	A	B	C
A |	0.7113	0.1936	0.0951
B |	0.2690	0.6379	0.0931
C |	0.1738	0.0218	0.8045
-- Emission Matrix --
	1	2	3	4
A |	0.394	0.330	0.188	0.087
B |	0.082	0.120	0.132	0.666
C |	0.077	0.458	0.228	0.237
