
-- Initial Matrix --
A | 0.31
C | 0.00
B | 0.68
-- Transition Matrix --
	A	B	C
A |	0.1570	0.8266	0.0164
B |	0.3828	0.6139	0.0032
C |	0.1141	0.8825	0.0033
-- Emission Matrix --
	1	2	3	4
A |	0.361	0.092	0.232	0.315
B |	0.211	0.323	0.138	0.327
C |	0.096	0.133	0.621	0.151
noise: 267.39149 noise: -255.72985 noise: -89.90293 noise: -396.75737 noise: 1041.62195 noise: -1473.18726 noise: 481.74196 noise: -63.35378 noise: -2073.26344
-- Initial Matrix --
A | 0.31
C | 0.00
B | 0.68
-- Transition Matrix --
	A	B	C
A |	0.5159	0.3719	0.1121
B |	0.0333	0.5404	0.4263
C |	0.1855	0.0191	0.7954
-- Emission Matrix --
	1	2	3	4
A |	0.361	0.092	0.232	0.315
B |	0.211	0.323	0.138	0.327
C |	0.096	0.133	0.621	0.151
