
-- Initial Matrix --
A | 0.75
C | 0.25
B | 0.00
-- Transition Matrix --
	A	B	C
A |	0.8230	0.0000	0.1769
B |	0.9905	0.0000	0.0095
C |	0.2395	0.0004	0.7601
-- Emission Matrix --
	1	2	3	4
A |	0.341	0.335	0.177	0.148
B |	0.024	0.267	0.213	0.495
C |	0.146	0.126	0.163	0.564
noise: 37.85666 noise: 85.65628 noise: 8.61954 noise: -93.96825 noise: -36.94977 noise: 153.30066 noise: 14.41447 noise: -88.78598 noise: 8.78698
-- Initial Matrix --
A | 0.75
C | 0.25
B | 0.00
-- Transition Matrix --
	A	B	C
A |	0.8169	0.0074	0.1756
B |	0.3187	0.1323	0.5490
C |	0.2383	0.0101	0.7516
-- Emission Matrix --
	1	2	3	4
A |	0.341	0.335	0.177	0.148
B |	0.024	0.267	0.213	0.495
C |	0.146	0.126	0.163	0.564
