
-- Initial Matrix --
A | 0.19
C | 0.76
B | 0.04
-- Transition Matrix --
	A	B	C
A |	0.6067	0.0466	0.3468
B |	0.3534	0.0427	0.6039
C |	0.2627	0.0460	0.6913
-- Emission Matrix --
	1	2	3	4
A |	0.080	0.146	0.078	0.695
B |	0.047	0.119	0.404	0.431
C |	0.381	0.330	0.224	0.064
noise: 29.23956 noise: -15.98361 noise: 16.08195 noise: 0.68333 noise: -64.79132 noise: -47.68534 noise: 40.80878 noise: 9.82691 noise: -7.14088
-- Initial Matrix --
A | 0.19
C | 0.76
B | 0.04
-- Transition Matrix --
	A	B	C
A |	0.6201	0.0263	0.3537
B |	0.3326	0.5237	0.1438
C |	0.2894	0.0531	0.6575
-- Emission Matrix --
	1	2	3	4
A |	0.080	0.146	0.078	0.695
B |	0.047	0.119	0.404	0.431
C |	0.381	0.330	0.224	0.064
