
-- Initial Matrix --
A | 0.00
C | 0.75
B | 0.25
-- Transition Matrix --
	A	B	C
A |	0.0000	0.9862	0.0138
B |	0.0000	0.5814	0.4186
C |	0.0000	0.2724	0.7276
-- Emission Matrix --
	1	2	3	4
A |	0.005	0.947	0.017	0.031
B |	0.085	0.075	0.143	0.697
C |	0.358	0.364	0.195	0.083
noise: -3007.46065 noise: -225.96641 noise: 951.34987 noise: 722.07841 noise: -1079.85498 noise: 814.11943 noise: -57.97363 noise: -2840.02905 noise: 2037.67927
-- Initial Matrix --
A | 0.00
C | 0.75
B | 0.25
-- Transition Matrix --
	A	B	C
A |	0.7187	0.0540	0.2273
B |	0.0866	0.4202	0.4933
C |	0.0051	0.0396	0.9552
-- Emission Matrix --
	1	2	3	4
A |	0.005	0.947	0.017	0.031
B |	0.085	0.075	0.143	0.697
C |	0.358	0.364	0.195	0.083
