
-- Initial Matrix --
A | 0.10
C | 0.78
B | 0.12
-- Transition Matrix --
	A	B	C
A |	0.2433	0.4399	0.3168
B |	0.2529	0.5374	0.2097
C |	0.0917	0.0877	0.8206
-- Emission Matrix --
	1	2	3	4
A |	0.204	0.060	0.149	0.588
B |	0.098	0.184	0.154	0.564
C |	0.333	0.330	0.192	0.145
noise: -34.54853 noise: -86.18389 noise: -89.45628 noise: -96.90662 noise: 34.78024 noise: -312.65661 noise: -1.77924 noise: -14.48021 noise: -61.47401
-- Initial Matrix --
A | 0.10
C | 0.78
B | 0.12
-- Transition Matrix --
	A	B	C
A |	0.2488	0.4420	0.3092
B |	0.2525	0.5868	0.1607
C |	0.0922	0.0870	0.8208
-- Emission Matrix --
	1	2	3	4
A |	0.204	0.060	0.149	0.588
B |	0.098	0.184	0.154	0.564
C |	0.333	0.330	0.192	0.145
