
-- Initial Matrix --
A | 0.25
C | 0.75
B | 0.00
-- Transition Matrix --
	A	B	C
A |	0.6284	0.0004	0.3712
B |	0.4230	0.0005	0.5765
C |	0.2577	0.0012	0.7411
-- Emission Matrix --
	1	2	3	4
A |	0.116	0.087	0.171	0.627
B |	0.009	0.472	0.304	0.216
C |	0.354	0.386	0.172	0.088
noise: 11.26133 noise: -0.86628 noise: 1.13377 noise: -15.11939 noise: 1.13800 noise: 3.81084 noise: -19.83302 noise: -5.00385 noise: 0.18777
-- Initial Matrix --
A | 0.25
C | 0.75
B | 0.00
-- Transition Matrix --
	A	B	C
A |	0.6303	0.0001	0.3696
B |	0.6328	0.0549	0.3124
C |	0.2527	0.0005	0.7467
-- Emission Matrix --
	1	2	3	4
A |	0.116	0.087	0.171	0.627
B |	0.009	0.472	0.304	0.216
C |	0.354	0.386	0.172	0.088
