
-- Initial Matrix --
A | 0.08
C | 0.24
B | 0.69
-- Transition Matrix --
	A	B	C
A |	0.0142	0.8841	0.1018
B |	0.1054	0.6130	0.2816
C |	0.0173	0.3776	0.6051
-- Emission Matrix --
	1	2	3	4
A |	0.743	0.012	0.148	0.097
B |	0.300	0.421	0.199	0.080
C |	0.117	0.057	0.129	0.697
noise: 0.14309 noise: 0.11490 noise: 0.96858 noise: -1.25329 noise: -1.69015 noise: 1.06586 noise: -0.02534 noise: -0.67140 noise: 0.46532
-- Initial Matrix --
A | 0.08
C | 0.24
B | 0.69
-- Transition Matrix --
	A	B	C
A |	0.0145	0.8811	0.1044
B |	0.1050	0.6128	0.2822
C |	0.0173	0.3773	0.6054
-- Emission Matrix --
	1	2	3	4
A |	0.743	0.012	0.148	0.097
B |	0.300	0.421	0.199	0.080
C |	0.117	0.057	0.129	0.697
