
-- Initial Matrix --
A | 0.27
C | 0.73
B | 0.00
-- Transition Matrix --
	A	B	C
A |	0.6866	0.0000	0.3134
B |	0.0056	0.0000	0.9944
C |	0.2215	0.0000	0.7785
-- Emission Matrix --
	1	2	3	4
A |	0.121	0.152	0.140	0.586
B |	0.182	0.000	0.091	0.727
C |	0.350	0.341	0.188	0.121
noise: -20.66778 noise: -3.32852 noise: -7.95651 noise: -7.16397 noise: -18.97675 noise: -3.14017 noise: -0.08921 noise: 5.26688 noise: 1.59434
-- Initial Matrix --
A | 0.27
C | 0.73
B | 0.00
-- Transition Matrix --
	A	B	C
A |	0.6849	0.0017	0.3134
B |	0.2447	0.6481	0.1072
C |	0.2209	0.0019	0.7772
-- Emission Matrix --
	1	2	3	4
A |	0.121	0.152	0.140	0.586
B |	0.182	0.000	0.091	0.727
C |	0.350	0.341	0.188	0.121
