
-- Initial Matrix --
A | 0.76
C | 0.06
B | 0.18
-- Transition Matrix --
	A	B	C
A |	0.8311	0.0841	0.0848
B |	0.2450	0.7491	0.0060
C |	0.2955	0.6476	0.0569
-- Emission Matrix --
	1	2	3	4
A |	0.340	0.305	0.187	0.169
B |	0.131	0.128	0.143	0.598
C |	0.143	0.287	0.243	0.327
noise: 362.86738 noise: -5.77103 noise: 355.28427 noise: 193.63983 noise: 46.19226 noise: 308.92336 noise: 540.10026 noise: -41.29937 noise: -2.27524
-- Initial Matrix --
A | 0.76
C | 0.06
B | 0.18
-- Transition Matrix --
	A	B	C
A |	0.7686	0.0661	0.1653
B |	0.2709	0.5889	0.1401
C |	0.7834	0.1975	0.0190
-- Emission Matrix --
	1	2	3	4
A |	0.340	0.305	0.187	0.169
B |	0.131	0.128	0.143	0.598
C |	0.143	0.287	0.243	0.327
