
-- Initial Matrix --
A | 0.46
C | 0.31
B | 0.23
-- Transition Matrix --
	A	B	C
A |	0.5316	0.2175	0.2509
B |	0.4632	0.2942	0.2426
C |	0.2242	0.1061	0.6697
-- Emission Matrix --
	1	2	3	4
A |	0.379	0.349	0.187	0.084
B |	0.304	0.428	0.137	0.132
C |	0.132	0.086	0.185	0.597
noise: 0.29614 noise: 2.51004 noise: -0.88313 noise: 1.47353 noise: 0.04919 noise: 1.10963 noise: -4.54806 noise: 0.93671 noise: 2.98084
-- Initial Matrix --
A | 0.46
C | 0.31
B | 0.23
-- Transition Matrix --
	A	B	C
A |	0.5312	0.2186	0.2502
B |	0.4635	0.2934	0.2431
C |	0.2221	0.1066	0.6713
-- Emission Matrix --
	1	2	3	4
A |	0.379	0.349	0.187	0.084
B |	0.304	0.428	0.137	0.132
C |	0.132	0.086	0.185	0.597
