
-- Initial Matrix --
A | 0.46
C | 0.31
B | 0.23
-- Transition Matrix --
	A	B	C
A |	0.5316	0.2175	0.2509
B |	0.4632	0.2942	0.2426
C |	0.2242	0.1061	0.6697
-- Emission Matrix --
	1	2	3	4
A |	0.379	0.349	0.187	0.084
B |	0.304	0.428	0.137	0.132
C |	0.132	0.086	0.185	0.597
noise: 13.86325 noise: 65.33321 noise: 33.54018 noise: 68.98499 noise: -17.37698 noise: -3.02880 noise: 8.94833 noise: -44.38324 noise: 10.45498
-- Initial Matrix --
A | 0.46
C | 0.31
B | 0.23
-- Transition Matrix --
	A	B	C
A |	0.5088	0.2377	0.2535
B |	0.5112	0.2615	0.2273
C |	0.2311	0.0862	0.6826
-- Emission Matrix --
	1	2	3	4
A |	0.379	0.349	0.187	0.084
B |	0.304	0.428	0.137	0.132
C |	0.132	0.086	0.185	0.597
