
-- Initial Matrix --
A | 0.01
C | 0.32
B | 0.67
-- Transition Matrix --
	A	B	C
A |	0.0006	0.7943	0.2050
B |	0.0021	0.8182	0.1797
C |	0.0311	0.2302	0.7387
-- Emission Matrix --
	1	2	3	4
A |	0.045	0.474	0.250	0.232
B |	0.324	0.340	0.191	0.145
C |	0.129	0.126	0.153	0.592
noise: 48.36188 noise: 4.21205 noise: 1.45770 noise: 7.42541 noise: 6.22602 noise: 20.59892 noise: 0.87912 noise: -2.48101 noise: 5.87145
-- Initial Matrix --
A | 0.01
C | 0.32
B | 0.67
-- Transition Matrix --
	A	B	C
A |	0.3831	0.4880	0.1289
B |	0.0047	0.8107	0.1846
C |	0.0314	0.2285	0.7401
-- Emission Matrix --
	1	2	3	4
A |	0.045	0.474	0.250	0.232
B |	0.324	0.340	0.191	0.145
C |	0.129	0.126	0.153	0.592
