
-- Initial Matrix --
A | 0.52
C | 0.35
B | 0.13
-- Transition Matrix --
	A	B	C
A |	0.6923	0.0087	0.2990
B |	0.4532	0.0166	0.5302
C |	0.3063	0.3480	0.3457
-- Emission Matrix --
	1	2	3	4
A |	0.385	0.228	0.261	0.127
B |	0.310	0.142	0.171	0.377
C |	0.047	0.323	0.062	0.567
noise: 1.03182 noise: 0.89168 noise: 0.46792 noise: 1.62881 noise: -2.54286 noise: -3.07817 noise: -0.03592 noise: -1.86827 noise: -3.08516
-- Initial Matrix --
A | 0.52
C | 0.35
B | 0.13
-- Transition Matrix --
	A	B	C
A |	0.6920	0.0091	0.2989
B |	0.4585	0.0128	0.5287
C |	0.3072	0.3479	0.3449
-- Emission Matrix --
	1	2	3	4
A |	0.385	0.228	0.261	0.127
B |	0.310	0.142	0.171	0.377
C |	0.047	0.323	0.062	0.567
