
-- Initial Matrix --
A | 0.01
C | 0.32
B | 0.67
-- Transition Matrix --
	A	B	C
A |	0.0006	0.7943	0.2050
B |	0.0021	0.8182	0.1797
C |	0.0311	0.2302	0.7387
-- Emission Matrix --
	1	2	3	4
A |	0.045	0.474	0.250	0.232
B |	0.324	0.340	0.191	0.145
C |	0.129	0.126	0.153	0.592
noise: 42.04123 noise: 123.39319 noise: 125.14366 noise: 90.03676 noise: 6.61967 noise: 36.45026 noise: 62.03076 noise: 185.70982 noise: -65.00677
-- Initial Matrix --
A | 0.01
C | 0.32
B | 0.67
-- Transition Matrix --
	A	B	C
A |	0.1160	0.4983	0.3857
B |	0.0319	0.7843	0.1838
C |	0.0567	0.2955	0.6478
-- Emission Matrix --
	1	2	3	4
A |	0.045	0.474	0.250	0.232
B |	0.324	0.340	0.191	0.145
C |	0.129	0.126	0.153	0.592
