
-- Initial Matrix --
A | 0.26
C | 0.11
B | 0.63
-- Transition Matrix --
	A	B	C
A |	0.0808	0.7060	0.2132
B |	0.3047	0.5844	0.1109
C |	0.4552	0.5364	0.0083
-- Emission Matrix --
	1	2	3	4
A |	0.276	0.178	0.278	0.268
B |	0.206	0.352	0.071	0.371
C |	0.403	0.003	0.390	0.203
noise: 22.13479 noise: -6.31310 noise: -3.53698 noise: -3.02533 noise: -2.40431 noise: 15.85220 noise: 2.80090 noise: -4.48674 noise: -6.67279
-- Initial Matrix --
A | 0.26
C | 0.11
B | 0.63
-- Transition Matrix --
	A	B	C
A |	0.0967	0.6947	0.2086
B |	0.3026	0.5816	0.1158
C |	0.4637	0.5339	0.0024
-- Emission Matrix --
	1	2	3	4
A |	0.276	0.178	0.278	0.268
B |	0.206	0.352	0.071	0.371
C |	0.403	0.003	0.390	0.203
