
-- Initial Matrix --
A | 0.25
C | 0.75
B | 0.00
-- Transition Matrix --
	A	B	C
A |	0.6284	0.0004	0.3712
B |	0.4230	0.0005	0.5765
C |	0.2577	0.0012	0.7411
-- Emission Matrix --
	1	2	3	4
A |	0.116	0.087	0.171	0.627
B |	0.009	0.472	0.304	0.216
C |	0.354	0.386	0.172	0.088
noise: -0.94330 noise: -0.24230 noise: -1.89450 noise: -0.04289 noise: -0.27642 noise: -0.10249 noise: -0.40126 noise: 0.54077 noise: -0.74270
-- Initial Matrix --
A | 0.25
C | 0.75
B | 0.00
-- Transition Matrix --
	A	B	C
A |	0.6289	0.0002	0.3708
B |	0.4028	0.0574	0.5398
C |	0.2576	0.0014	0.7410
-- Emission Matrix --
	1	2	3	4
A |	0.116	0.087	0.171	0.627
B |	0.009	0.472	0.304	0.216
C |	0.354	0.386	0.172	0.088
