
-- Initial Matrix --
A | 0.71
C | 0.26
B | 0.03
-- Transition Matrix --
	A	B	C
A |	0.8486	0.0345	0.1169
B |	0.4651	0.1872	0.3478
C |	0.1780	0.0240	0.7981
-- Emission Matrix --
	1	2	3	4
A |	0.409	0.422	0.098	0.071
B |	0.175	0.248	0.457	0.119
C |	0.094	0.107	0.140	0.659

-- Initial Matrix --
A | 0.62
C | 0.35
B | 0.03
-- Transition Matrix --
	A	B	C
A |	0.8245	0.0692	0.1063
B |	0.5163	0.1365	0.3473
C |	0.1723	0.0341	0.7936
-- Emission Matrix --
	1	2	3	4
A |	0.360	0.456	0.115	0.070
B |	0.557	0.137	0.162	0.144
C |	0.061	0.209	0.122	0.608
