
-- Initial Matrix --
A | 0.68
C | 0.22
B | 0.10
-- Transition Matrix --
	A	B	C
A |	0.7727	0.0918	0.1355
B |	0.5516	0.3911	0.0572
C |	0.1681	0.0342	0.7977
-- Emission Matrix --
	1	2	3	4
A |	0.437	0.462	0.054	0.048
B |	0.169	0.053	0.516	0.262
C |	0.050	0.101	0.144	0.705

-- Initial Matrix --
A | 0.30
C | 0.54
B | 0.16
-- Transition Matrix --
	A	B	C
A |	0.7449	0.0889	0.1662
B |	0.4638	0.4447	0.0915
C |	0.2645	0.2188	0.5167
-- Emission Matrix --
	1	2	3	4
A |	0.386	0.186	0.168	0.261
B |	0.054	0.419	0.145	0.382
C |	0.135	0.145	0.094	0.626
