
-- Initial Matrix --
A | 0.64
C | 0.25
B | 0.11
-- Transition Matrix --
	A	B	C
A |	0.8109	0.0879	0.1012
B |	0.3881	0.4864	0.1255
C |	0.1229	0.0802	0.7969
-- Emission Matrix --
	1	2	3	4
A |	0.438	0.429	0.062	0.071
B |	0.173	0.136	0.482	0.209
C |	0.093	0.114	0.100	0.693

-- Initial Matrix --
A | 0.49
C | 0.37
B | 0.15
-- Transition Matrix --
	A	B	C
A |	0.7503	0.0657	0.1840
B |	0.4059	0.1986	0.3954
C |	0.1321	0.0670	0.8009
-- Emission Matrix --
	1	2	3	4
A |	0.519	0.431	0.006	0.044
B |	0.444	0.147	0.349	0.060
C |	0.134	0.328	0.045	0.493
