
-- Initial Matrix --
A | 0.71
C | 0.26
B | 0.03
-- Transition Matrix --
	A	B	C
A |	0.8486	0.0345	0.1169
B |	0.4651	0.1872	0.3478
C |	0.1780	0.0240	0.7981
-- Emission Matrix --
	1	2	3	4
A |	0.409	0.422	0.098	0.071
B |	0.175	0.248	0.457	0.119
C |	0.094	0.107	0.140	0.659

-- Initial Matrix --
A | 0.72
C | 0.26
B | 0.02
-- Transition Matrix --
	A	B	C
A |	0.8484	0.0349	0.1167
B |	0.4607	0.1948	0.3445
C |	0.1782	0.0236	0.7982
-- Emission Matrix --
	1	2	3	4
A |	0.409	0.423	0.097	0.071
B |	0.179	0.242	0.458	0.121
C |	0.095	0.107	0.140	0.658
