
-- Initial Matrix --
A | 0.68
C | 0.22
B | 0.10
-- Transition Matrix --
	A	B	C
A |	0.7727	0.0918	0.1355
B |	0.5516	0.3911	0.0572
C |	0.1681	0.0342	0.7977
-- Emission Matrix --
	1	2	3	4
A |	0.437	0.462	0.054	0.048
B |	0.169	0.053	0.516	0.262
C |	0.050	0.101	0.144	0.705

-- Initial Matrix --
A | 0.40
C | 0.53
B | 0.08
-- Transition Matrix --
	A	B	C
A |	0.7932	0.0884	0.1184
B |	0.2662	0.6704	0.0633
C |	0.0726	0.0759	0.8515
-- Emission Matrix --
	1	2	3	4
A |	0.377	0.424	0.043	0.156
B |	0.238	0.425	0.280	0.057
C |	0.116	0.090	0.185	0.610
