
-- Initial Matrix --
A | 0.61
C | 0.23
B | 0.16
-- Transition Matrix --
	A	B	C
A |	0.7919	0.1080	0.1001
B |	0.4928	0.3904	0.1168
C |	0.1446	0.0487	0.8068
-- Emission Matrix --
	1	2	3	4
A |	0.434	0.467	0.033	0.065
B |	0.029	0.083	0.614	0.274
C |	0.097	0.098	0.097	0.708

-- Initial Matrix --
A | 0.49
C | 0.20
B | 0.30
-- Transition Matrix --
	A	B	C
A |	0.7711	0.1394	0.0895
B |	0.4620	0.2955	0.2426
C |	0.1281	0.0509	0.8211
-- Emission Matrix --
	1	2	3	4
A |	0.379	0.534	0.024	0.063
B |	0.020	0.175	0.523	0.282
C |	0.048	0.121	0.014	0.817
