
-- Initial Matrix --
A | 0.77
C | 0.15
B | 0.09
-- Transition Matrix --
	A	B	C
A |	0.8371	0.0782	0.0847
B |	0.3311	0.4972	0.1717
C |	0.1127	0.0828	0.8045
-- Emission Matrix --
	1	2	3	4
A |	0.453	0.431	0.065	0.052
B |	0.060	0.245	0.409	0.286
C |	0.138	0.088	0.102	0.673

-- Initial Matrix --
A | 0.68
C | 0.25
B | 0.07
-- Transition Matrix --
	A	B	C
A |	0.4250	0.3825	0.1925
B |	0.2232	0.6332	0.1435
C |	0.3498	0.3621	0.2882
-- Emission Matrix --
	1	2	3	4
A |	0.326	0.409	0.092	0.173
B |	0.453	0.269	0.210	0.067
C |	0.617	0.036	0.247	0.100
