
-- Initial Matrix --
A | 0.66
C | 0.24
B | 0.10
-- Transition Matrix --
	A	B	C
A |	0.8064	0.0757	0.1179
B |	0.4860	0.2451	0.2688
C |	0.1649	0.0574	0.7776
-- Emission Matrix --
	1	2	3	4
A |	0.432	0.416	0.096	0.057
B |	0.315	0.292	0.248	0.145
C |	0.088	0.108	0.160	0.644

-- Initial Matrix --
A | 0.67
C | 0.26
B | 0.07
-- Transition Matrix --
	A	B	C
A |	0.8094	0.0763	0.1143
B |	0.4889	0.2446	0.2665
C |	0.1650	0.0557	0.7793
-- Emission Matrix --
	1	2	3	4
A |	0.432	0.416	0.096	0.056
B |	0.307	0.280	0.270	0.143
C |	0.084	0.110	0.162	0.644
