
-- Initial Matrix --
A | 0.73
C | 0.16
B | 0.11
-- Transition Matrix --
	A	B	C
A |	0.8497	0.0598	0.0905
B |	0.1600	0.5305	0.3095
C |	0.1525	0.1202	0.7273
-- Emission Matrix --
	1	2	3	4
A |	0.422	0.433	0.071	0.074
B |	0.260	0.159	0.407	0.174
C |	0.084	0.117	0.086	0.713

-- Initial Matrix --
A | 0.30
C | 0.50
B | 0.20
-- Transition Matrix --
	A	B	C
A |	0.8550	0.0528	0.0922
B |	0.2051	0.4881	0.3068
C |	0.1383	0.1031	0.7587
-- Emission Matrix --
	1	2	3	4
A |	0.436	0.460	0.068	0.037
B |	0.343	0.138	0.410	0.109
C |	0.121	0.092	0.095	0.692
