
-- Initial Matrix --
A | 0.81
C | 0.18
B | 0.00
-- Transition Matrix --
	A	B	C
A |	0.8684	0.0022	0.1294
B |	0.2182	0.0189	0.7629
C |	0.1885	0.0018	0.8096
-- Emission Matrix --
	1	2	3	4
A |	0.399	0.422	0.111	0.068
B |	0.083	0.058	0.823	0.036
C |	0.101	0.100	0.142	0.657

-- Initial Matrix --
A | 0.81
C | 0.18
B | 0.01
-- Transition Matrix --
	A	B	C
A |	0.8685	0.0021	0.1294
B |	0.1794	0.0521	0.7685
C |	0.1885	0.0019	0.8096
-- Emission Matrix --
	1	2	3	4
A |	0.400	0.422	0.111	0.068
B |	0.087	0.055	0.815	0.044
C |	0.101	0.100	0.142	0.657
