
-- Initial Matrix --
A | 0.70
C | 0.16
B | 0.13
-- Transition Matrix --
	A	B	C
A |	0.8475	0.0520	0.1005
B |	0.2361	0.5425	0.2215
C |	0.1331	0.1104	0.7565
-- Emission Matrix --
	1	2	3	4
A |	0.422	0.430	0.069	0.078
B |	0.194	0.234	0.396	0.176
C |	0.121	0.105	0.105	0.669

-- Initial Matrix --
A | 0.70
C | 0.16
B | 0.14
-- Transition Matrix --
	A	B	C
A |	0.8473	0.0523	0.1004
B |	0.2364	0.5417	0.2218
C |	0.1330	0.1105	0.7565
-- Emission Matrix --
	1	2	3	4
A |	0.422	0.430	0.070	0.078
B |	0.194	0.234	0.396	0.176
C |	0.120	0.106	0.105	0.670
