
-- Initial Matrix --
A | 0.66
C | 0.21
B | 0.13
-- Transition Matrix --
	A	B	C
A |	0.8141	0.0757	0.1102
B |	0.2836	0.6063	0.1101
C |	0.1476	0.0567	0.7957
-- Emission Matrix --
	1	2	3	4
A |	0.447	0.404	0.073	0.077
B |	0.164	0.156	0.404	0.276
C |	0.091	0.120	0.103	0.686

-- Initial Matrix --
A | 0.47
C | 0.45
B | 0.09
-- Transition Matrix --
	A	B	C
A |	0.8071	0.1340	0.0590
B |	0.4566	0.4067	0.1367
C |	0.2887	0.0438	0.6675
-- Emission Matrix --
	1	2	3	4
A |	0.572	0.257	0.089	0.083
B |	0.337	0.263	0.291	0.109
C |	0.064	0.013	0.129	0.795
