
-- Initial Matrix --
A | 0.67
C | 0.21
B | 0.11
-- Transition Matrix --
	A	B	C
A |	0.8530	0.0706	0.0765
B |	0.1993	0.5663	0.2344
C |	0.1369	0.0933	0.7698
-- Emission Matrix --
	1	2	3	4
A |	0.416	0.429	0.086	0.068
B |	0.164	0.182	0.428	0.226
C |	0.124	0.100	0.087	0.689

-- Initial Matrix --
A | 0.67
C | 0.22
B | 0.11
-- Transition Matrix --
	A	B	C
A |	0.8532	0.0704	0.0764
B |	0.2000	0.5649	0.2351
C |	0.1375	0.0935	0.7691
-- Emission Matrix --
	1	2	3	4
A |	0.416	0.429	0.086	0.068
B |	0.166	0.182	0.427	0.225
C |	0.124	0.100	0.087	0.689
