
-- Initial Matrix --
A | 0.71
C | 0.15
B | 0.14
-- Transition Matrix --
	A	B	C
A |	0.8361	0.0714	0.0925
B |	0.2636	0.5596	0.1768
C |	0.1138	0.0828	0.8033
-- Emission Matrix --
	1	2	3	4
A |	0.432	0.414	0.064	0.090
B |	0.203	0.199	0.411	0.187
C |	0.104	0.116	0.108	0.673

-- Initial Matrix --
A | 0.71
C | 0.15
B | 0.14
-- Transition Matrix --
	A	B	C
A |	0.8360	0.0714	0.0925
B |	0.2645	0.5589	0.1766
C |	0.1138	0.0829	0.8033
-- Emission Matrix --
	1	2	3	4
A |	0.432	0.414	0.064	0.090
B |	0.205	0.198	0.410	0.187
C |	0.104	0.115	0.108	0.674
