
-- Initial Matrix --
A | 0.70
C | 0.28
B | 0.01
-- Transition Matrix --
	A	B	C
A |	0.8581	0.0122	0.1298
B |	0.5529	0.1292	0.3179
C |	0.1888	0.0055	0.8057
-- Emission Matrix --
	1	2	3	4
A |	0.420	0.423	0.090	0.067
B |	0.191	0.160	0.574	0.074
C |	0.111	0.098	0.176	0.615

-- Initial Matrix --
A | 0.65
C | 0.28
B | 0.07
-- Transition Matrix --
	A	B	C
A |	0.8807	0.0092	0.1102
B |	0.1730	0.1901	0.6369
C |	0.1828	0.0064	0.8108
-- Emission Matrix --
	1	2	3	4
A |	0.410	0.423	0.084	0.083
B |	0.244	0.484	0.082	0.190
C |	0.119	0.101	0.162	0.618
