
-- Initial Matrix --
A | 0.76
C | 0.24
B | 0.00
-- Transition Matrix --
	A	B	C
A |	0.8663	0.0023	0.1314
B |	0.4805	0.0150	0.5045
C |	0.1666	0.0013	0.8320
-- Emission Matrix --
	1	2	3	4
A |	0.411	0.410	0.097	0.083
B |	0.214	0.204	0.455	0.126
C |	0.115	0.125	0.167	0.592

-- Initial Matrix --
A | 0.73
C | 0.27
B | 0.00
-- Transition Matrix --
	A	B	C
A |	0.8663	0.0034	0.1303
B |	0.4323	0.1844	0.3833
C |	0.1670	0.0029	0.8301
-- Emission Matrix --
	1	2	3	4
A |	0.411	0.411	0.096	0.082
B |	0.196	0.336	0.210	0.258
C |	0.115	0.126	0.167	0.592
