
-- Initial Matrix --
A | 0.69
C | 0.22
B | 0.09
-- Transition Matrix --
	A	B	C
A |	0.7852	0.0723	0.1425
B |	0.4469	0.2168	0.3364
C |	0.1413	0.0508	0.8079
-- Emission Matrix --
	1	2	3	4
A |	0.416	0.435	0.089	0.060
B |	0.326	0.297	0.219	0.158
C |	0.098	0.094	0.189	0.618

-- Initial Matrix --
A | 0.70
C | 0.22
B | 0.08
-- Transition Matrix --
	A	B	C
A |	0.7847	0.0727	0.1425
B |	0.4465	0.2160	0.3375
C |	0.1415	0.0508	0.8077
-- Emission Matrix --
	1	2	3	4
A |	0.416	0.436	0.089	0.060
B |	0.325	0.295	0.223	0.157
C |	0.098	0.094	0.189	0.619
