
-- Initial Matrix --
A | 0.77
C | 0.23
B | 0.00
-- Transition Matrix --
	A	B	C
A |	0.8867	0.0000	0.1133
B |	0.4542	0.0001	0.5458
C |	0.1441	0.0000	0.8559
-- Emission Matrix --
	1	2	3	4
A |	0.427	0.406	0.094	0.073
B |	0.294	0.195	0.210	0.302
C |	0.095	0.120	0.147	0.638

-- Initial Matrix --
A | 0.71
C | 0.26
B | 0.02
-- Transition Matrix --
	A	B	C
A |	0.8866	0.0025	0.1109
B |	0.4565	0.0922	0.4512
C |	0.1410	0.0003	0.8588
-- Emission Matrix --
	1	2	3	4
A |	0.423	0.411	0.093	0.074
B |	0.298	0.113	0.552	0.037
C |	0.096	0.143	0.141	0.619
