
-- Initial Matrix --
A | 0.68
C | 0.20
B | 0.12
-- Transition Matrix --
	A	B	C
A |	0.7962	0.0953	0.1085
B |	0.4380	0.4890	0.0730
C |	0.1105	0.0348	0.8547
-- Emission Matrix --
	1	2	3	4
A |	0.444	0.442	0.031	0.082
B |	0.076	0.244	0.524	0.155
C |	0.107	0.090	0.170	0.633

-- Initial Matrix --
A | 0.40
C | 0.26
B | 0.34
-- Transition Matrix --
	A	B	C
A |	0.8462	0.0309	0.1229
B |	0.5581	0.2159	0.2260
C |	0.1920	0.0939	0.7141
-- Emission Matrix --
	1	2	3	4
A |	0.456	0.437	0.095	0.011
B |	0.194	0.267	0.497	0.042
C |	0.133	0.086	0.140	0.641
