
-- Initial Matrix --
A | 0.68
C | 0.20
B | 0.12
-- Transition Matrix --
	A	B	C
A |	0.7962	0.0953	0.1085
B |	0.4380	0.4890	0.0730
C |	0.1105	0.0348	0.8547
-- Emission Matrix --
	1	2	3	4
A |	0.444	0.442	0.031	0.082
B |	0.076	0.244	0.524	0.155
C |	0.107	0.090	0.170	0.633

-- Initial Matrix --
A | 0.40
C | 0.55
B | 0.05
-- Transition Matrix --
	A	B	C
A |	0.7450	0.1295	0.1255
B |	0.3073	0.1318	0.5609
C |	0.2757	0.0244	0.7000
-- Emission Matrix --
	1	2	3	4
A |	0.585	0.154	0.189	0.072
B |	0.221	0.067	0.631	0.081
C |	0.184	0.313	0.088	0.416
