
-- Initial Matrix --
A | 0.71
C | 0.17
B | 0.11
-- Transition Matrix --
	A	B	C
A |	0.8041	0.0564	0.1395
B |	0.1590	0.6610	0.1800
C |	0.2294	0.0770	0.6936
-- Emission Matrix --
	1	2	3	4
A |	0.414	0.436	0.081	0.069
B |	0.187	0.221	0.365	0.227
C |	0.126	0.086	0.093	0.695

-- Initial Matrix --
A | 0.71
C | 0.25
B | 0.03
-- Transition Matrix --
	A	B	C
A |	0.6733	0.0984	0.2283
B |	0.0597	0.7100	0.2303
C |	0.1192	0.1628	0.7180
-- Emission Matrix --
	1	2	3	4
A |	0.416	0.446	0.069	0.068
B |	0.219	0.146	0.395	0.240
C |	0.279	0.149	0.100	0.471
