
-- Initial Matrix --
A | 0.77
C | 0.23
B | 0.00
-- Transition Matrix --
	A	B	C
A |	0.8867	0.0000	0.1133
B |	0.4542	0.0001	0.5458
C |	0.1441	0.0000	0.8559
-- Emission Matrix --
	1	2	3	4
A |	0.427	0.406	0.094	0.073
B |	0.294	0.195	0.210	0.302
C |	0.095	0.120	0.147	0.638

-- Initial Matrix --
A | 0.66
C | 0.31
B | 0.03
-- Transition Matrix --
	A	B	C
A |	0.8589	0.0163	0.1248
B |	0.1395	0.0337	0.8269
C |	0.1416	0.0241	0.8343
-- Emission Matrix --
	1	2	3	4
A |	0.404	0.377	0.082	0.137
B |	0.124	0.737	0.066	0.073
C |	0.087	0.077	0.179	0.657
