
-- Initial Matrix --
A | 0.68
C | 0.17
B | 0.14
-- Transition Matrix --
	A	B	C
A |	0.8261	0.0715	0.1024
B |	0.4802	0.4925	0.0274
C |	0.1060	0.0299	0.8640
-- Emission Matrix --
	1	2	3	4
A |	0.463	0.414	0.057	0.065
B |	0.164	0.292	0.400	0.143
C |	0.123	0.121	0.162	0.595

-- Initial Matrix --
A | 0.54
C | 0.14
B | 0.32
-- Transition Matrix --
	A	B	C
A |	0.7911	0.0981	0.1108
B |	0.2953	0.4879	0.2168
C |	0.0826	0.0756	0.8418
-- Emission Matrix --
	1	2	3	4
A |	0.453	0.422	0.051	0.074
B |	0.080	0.556	0.277	0.086
C |	0.072	0.178	0.137	0.614
