
-- Initial Matrix --
A | 0.67
C | 0.22
B | 0.11
-- Transition Matrix --
	A	B	C
A |	0.8368	0.0773	0.0859
B |	0.3434	0.4048	0.2518
C |	0.1313	0.1096	0.7591
-- Emission Matrix --
	1	2	3	4
A |	0.456	0.433	0.059	0.052
B |	0.156	0.224	0.428	0.192
C |	0.125	0.090	0.089	0.696

-- Initial Matrix --
A | 0.65
C | 0.23
B | 0.12
-- Transition Matrix --
	A	B	C
A |	0.8373	0.0769	0.0858
B |	0.3424	0.4070	0.2506
C |	0.1313	0.1086	0.7601
-- Emission Matrix --
	1	2	3	4
A |	0.455	0.433	0.060	0.052
B |	0.153	0.226	0.432	0.189
C |	0.125	0.090	0.089	0.696
