
-- Initial Matrix --
A | 0.70
C | 0.18
B | 0.12
-- Transition Matrix --
	A	B	C
A |	0.8324	0.0913	0.0763
B |	0.3346	0.4621	0.2033
C |	0.0969	0.0975	0.8056
-- Emission Matrix --
	1	2	3	4
A |	0.459	0.421	0.054	0.066
B |	0.216	0.097	0.480	0.207
C |	0.087	0.168	0.104	0.641

-- Initial Matrix --
A | 0.56
C | 0.34
B | 0.10
-- Transition Matrix --
	A	B	C
A |	0.8179	0.0861	0.0960
B |	0.3484	0.3821	0.2694
C |	0.0273	0.0986	0.8741
-- Emission Matrix --
	1	2	3	4
A |	0.450	0.421	0.063	0.066
B |	0.157	0.161	0.381	0.302
C |	0.066	0.164	0.104	0.666
