
-- Initial Matrix --
A | 0.67
C | 0.22
B | 0.11
-- Transition Matrix --
	A	B	C
A |	0.8368	0.0773	0.0859
B |	0.3434	0.4048	0.2518
C |	0.1313	0.1096	0.7591
-- Emission Matrix --
	1	2	3	4
A |	0.456	0.433	0.059	0.052
B |	0.156	0.224	0.428	0.192
C |	0.125	0.090	0.089	0.696

-- Initial Matrix --
A | 0.73
C | 0.03
B | 0.25
-- Transition Matrix --
	A	B	C
A |	0.7374	0.1478	0.1148
B |	0.4067	0.3042	0.2891
C |	0.0836	0.5038	0.4126
-- Emission Matrix --
	1	2	3	4
A |	0.395	0.381	0.082	0.142
B |	0.267	0.030	0.388	0.315
C |	0.211	0.174	0.161	0.453
