
-- Initial Matrix --
A | 0.72
C | 0.16
B | 0.12
-- Transition Matrix --
	A	B	C
A |	0.8509	0.0532	0.0959
B |	0.2079	0.5730	0.2191
C |	0.1530	0.0975	0.7495
-- Emission Matrix --
	1	2	3	4
A |	0.436	0.437	0.069	0.058
B |	0.171	0.206	0.415	0.208
C |	0.119	0.093	0.101	0.687

-- Initial Matrix --
A | 0.67
C | 0.16
B | 0.16
-- Transition Matrix --
	A	B	C
A |	0.8618	0.0479	0.0903
B |	0.1728	0.6085	0.2187
C |	0.1618	0.1053	0.7329
-- Emission Matrix --
	1	2	3	4
A |	0.436	0.443	0.049	0.071
B |	0.196	0.261	0.387	0.156
C |	0.114	0.104	0.099	0.683
