
-- Initial Matrix --
A | 0.74
C | 0.26
B | 0.00
-- Transition Matrix --
	A	B	C
A |	0.8848	0.0013	0.1139
B |	0.5436	0.0104	0.4459
C |	0.1576	0.0004	0.8419
-- Emission Matrix --
	1	2	3	4
A |	0.410	0.422	0.094	0.075
B |	0.250	0.263	0.421	0.066
C |	0.138	0.133	0.173	0.555

-- Initial Matrix --
A | 0.74
C | 0.26
B | 0.00
-- Transition Matrix --
	A	B	C
A |	0.8847	0.0013	0.1140
B |	0.5322	0.0389	0.4289
C |	0.1575	0.0005	0.8420
-- Emission Matrix --
	1	2	3	4
A |	0.410	0.422	0.094	0.075
B |	0.260	0.317	0.296	0.127
C |	0.138	0.133	0.173	0.555
