
-- Initial Matrix --
A | 0.75
C | 0.25
B | 0.00
-- Transition Matrix --
	A	B	C
A |	0.8811	0.0001	0.1188
B |	0.5491	0.0050	0.4459
C |	0.1740	0.0000	0.8259
-- Emission Matrix --
	1	2	3	4
A |	0.407	0.427	0.105	0.061
B |	0.290	0.084	0.595	0.031
C |	0.113	0.110	0.156	0.620

-- Initial Matrix --
A | 0.75
C | 0.25
B | 0.00
-- Transition Matrix --
	A	B	C
A |	0.8811	0.0001	0.1188
B |	0.1589	0.2964	0.5447
C |	0.1741	0.0003	0.8256
-- Emission Matrix --
	1	2	3	4
A |	0.407	0.427	0.105	0.061
B |	0.432	0.253	0.025	0.290
C |	0.113	0.110	0.156	0.621
