
-- Initial Matrix --
A | 0.71
C | 0.25
B | 0.04
-- Transition Matrix --
	A	B	C
A |	0.8540	0.0284	0.1177
B |	0.5353	0.1200	0.3448
C |	0.1573	0.0239	0.8188
-- Emission Matrix --
	1	2	3	4
A |	0.439	0.414	0.078	0.068
B |	0.259	0.270	0.318	0.152
C |	0.097	0.135	0.174	0.594

-- Initial Matrix --
A | 0.71
C | 0.25
B | 0.04
-- Transition Matrix --
	A	B	C
A |	0.8540	0.0283	0.1177
B |	0.5373	0.1186	0.3441
C |	0.1573	0.0238	0.8190
-- Emission Matrix --
	1	2	3	4
A |	0.440	0.414	0.078	0.068
B |	0.257	0.271	0.316	0.156
C |	0.097	0.135	0.174	0.594
