
-- Initial Matrix --
A | 0.73
C | 0.23
B | 0.04
-- Transition Matrix --
	A	B	C
A |	0.8386	0.0578	0.1036
B |	0.2440	0.5091	0.2469
C |	0.1672	0.0244	0.8084
-- Emission Matrix --
	1	2	3	4
A |	0.420	0.431	0.073	0.076
B |	0.216	0.122	0.567	0.096
C |	0.118	0.101	0.145	0.635

-- Initial Matrix --
A | 0.41
C | 0.39
B | 0.20
-- Transition Matrix --
	A	B	C
A |	0.8706	0.0209	0.1085
B |	0.2869	0.4933	0.2199
C |	0.1818	0.0099	0.8083
-- Emission Matrix --
	1	2	3	4
A |	0.428	0.442	0.054	0.076
B |	0.411	0.016	0.467	0.106
C |	0.131	0.101	0.124	0.644
