
-- Initial Matrix --
A | 0.62
C | 0.23
B | 0.15
-- Transition Matrix --
	A	B	C
A |	0.8401	0.0820	0.0779
B |	0.2708	0.4500	0.2792
C |	0.1201	0.1280	0.7519
-- Emission Matrix --
	1	2	3	4
A |	0.447	0.429	0.059	0.064
B |	0.111	0.287	0.463	0.138
C |	0.114	0.089	0.095	0.702

-- Initial Matrix --
A | 0.62
C | 0.23
B | 0.15
-- Transition Matrix --
	A	B	C
A |	0.8402	0.0819	0.0779
B |	0.2709	0.4502	0.2789
C |	0.1202	0.1280	0.7519
-- Emission Matrix --
	1	2	3	4
A |	0.447	0.430	0.059	0.064
B |	0.111	0.287	0.463	0.139
C |	0.114	0.090	0.095	0.701
