
-- Initial Matrix --
A | 0.58
C | 0.28
B | 0.14
-- Transition Matrix --
	A	B	C
A |	0.8399	0.1059	0.0542
B |	0.4748	0.5044	0.0208
C |	0.0840	0.0216	0.8944
-- Emission Matrix --
	1	2	3	4
A |	0.476	0.433	0.027	0.064
B |	0.053	0.254	0.425	0.268
C |	0.149	0.116	0.121	0.615

-- Initial Matrix --
A | 0.56
C | 0.30
B | 0.14
-- Transition Matrix --
	A	B	C
A |	0.8433	0.1059	0.0508
B |	0.4573	0.4891	0.0536
C |	0.0920	0.0218	0.8862
-- Emission Matrix --
	1	2	3	4
A |	0.485	0.436	0.021	0.058
B |	0.064	0.252	0.408	0.276
C |	0.145	0.119	0.119	0.617
