
-- Initial Matrix --
A | 0.58
C | 0.28
B | 0.14
-- Transition Matrix --
	A	B	C
A |	0.8399	0.1059	0.0542
B |	0.4748	0.5044	0.0208
C |	0.0840	0.0216	0.8944
-- Emission Matrix --
	1	2	3	4
A |	0.476	0.433	0.027	0.064
B |	0.053	0.254	0.425	0.268
C |	0.149	0.116	0.121	0.615

-- Initial Matrix --
A | 0.58
C | 0.28
B | 0.14
-- Transition Matrix --
	A	B	C
A |	0.8398	0.1058	0.0545
B |	0.4760	0.5051	0.0189
C |	0.0836	0.0218	0.8947
-- Emission Matrix --
	1	2	3	4
A |	0.476	0.433	0.027	0.065
B |	0.054	0.253	0.424	0.269
C |	0.149	0.115	0.121	0.615
