
-- Initial Matrix --
A | 0.67
C | 0.31
B | 0.02
-- Transition Matrix --
	A	B	C
A |	0.8497	0.0202	0.1301
B |	0.5860	0.0836	0.3304
C |	0.1702	0.0163	0.8135
-- Emission Matrix --
	1	2	3	4
A |	0.424	0.436	0.075	0.064
B |	0.379	0.285	0.226	0.110
C |	0.123	0.172	0.216	0.489

-- Initial Matrix --
A | 0.73
C | 0.21
B | 0.06
-- Transition Matrix --
	A	B	C
A |	0.8810	0.0281	0.0909
B |	0.5732	0.1656	0.2612
C |	0.1659	0.0427	0.7914
-- Emission Matrix --
	1	2	3	4
A |	0.419	0.440	0.073	0.068
B |	0.150	0.100	0.571	0.180
C |	0.125	0.197	0.200	0.478
