
-- Initial Matrix --
A | 0.75
C | 0.25
B | 0.00
-- Transition Matrix --
	A	B	C
A |	0.8671	0.0002	0.1327
B |	0.7225	0.0015	0.2760
C |	0.1799	0.0000	0.8200
-- Emission Matrix --
	1	2	3	4
A |	0.426	0.420	0.095	0.059
B |	0.160	0.361	0.440	0.039
C |	0.115	0.112	0.176	0.597

-- Initial Matrix --
A | 0.75
C | 0.25
B | 0.00
-- Transition Matrix --
	A	B	C
A |	0.8672	0.0001	0.1327
B |	0.4258	0.2270	0.3472
C |	0.1799	0.0002	0.8198
-- Emission Matrix --
	1	2	3	4
A |	0.426	0.420	0.095	0.059
B |	0.421	0.277	0.208	0.094
C |	0.114	0.113	0.176	0.597
