
-- Initial Matrix --
A | 0.69
C | 0.31
B | 0.00
-- Transition Matrix --
	A	B	C
A |	0.8674	0.0008	0.1317
B |	0.2749	0.0195	0.7056
C |	0.2357	0.0002	0.7642
-- Emission Matrix --
	1	2	3	4
A |	0.414	0.416	0.103	0.068
B |	0.163	0.137	0.683	0.017
C |	0.103	0.168	0.170	0.559

-- Initial Matrix --
A | 0.67
C | 0.32
B | 0.00
-- Transition Matrix --
	A	B	C
A |	0.8676	0.0015	0.1310
B |	0.5270	0.0072	0.4658
C |	0.2365	0.0089	0.7546
-- Emission Matrix --
	1	2	3	4
A |	0.414	0.414	0.105	0.067
B |	0.156	0.098	0.033	0.714
C |	0.104	0.170	0.170	0.556
