
-- Initial Matrix --
A | 0.69
C | 0.31
B | 0.00
-- Transition Matrix --
	A	B	C
A |	0.8674	0.0008	0.1317
B |	0.2749	0.0195	0.7056
C |	0.2357	0.0002	0.7642
-- Emission Matrix --
	1	2	3	4
A |	0.414	0.416	0.103	0.068
B |	0.163	0.137	0.683	0.017
C |	0.103	0.168	0.170	0.559

-- Initial Matrix --
A | 0.69
C | 0.31
B | 0.00
-- Transition Matrix --
	A	B	C
A |	0.8675	0.0008	0.1318
B |	0.1263	0.2692	0.6045
C |	0.2355	0.0001	0.7643
-- Emission Matrix --
	1	2	3	4
A |	0.414	0.416	0.103	0.068
B |	0.070	0.294	0.608	0.028
C |	0.103	0.168	0.170	0.559
