
-- Initial Matrix --
A | 0.67
C | 0.31
B | 0.02
-- Transition Matrix --
	A	B	C
A |	0.8497	0.0202	0.1301
B |	0.5860	0.0836	0.3304
C |	0.1702	0.0163	0.8135
-- Emission Matrix --
	1	2	3	4
A |	0.424	0.436	0.075	0.064
B |	0.379	0.285	0.226	0.110
C |	0.123	0.172	0.216	0.489

-- Initial Matrix --
A | 0.66
C | 0.30
B | 0.03
-- Transition Matrix --
	A	B	C
A |	0.8472	0.0225	0.1303
B |	0.5828	0.0867	0.3305
C |	0.1715	0.0140	0.8145
-- Emission Matrix --
	1	2	3	4
A |	0.425	0.436	0.076	0.063
B |	0.364	0.286	0.244	0.107
C |	0.123	0.173	0.214	0.489
