
-- Initial Matrix --
A | 0.62
C | 0.22
B | 0.17
-- Transition Matrix --
	A	B	C
A |	0.8140	0.0903	0.0957
B |	0.2766	0.5542	0.1692
C |	0.1375	0.0761	0.7864
-- Emission Matrix --
	1	2	3	4
A |	0.442	0.431	0.054	0.073
B |	0.137	0.297	0.439	0.127
C |	0.130	0.118	0.128	0.623

-- Initial Matrix --
A | 0.61
C | 0.22
B | 0.17
-- Transition Matrix --
	A	B	C
A |	0.8097	0.0901	0.1002
B |	0.2745	0.5662	0.1594
C |	0.1365	0.0762	0.7873
-- Emission Matrix --
	1	2	3	4
A |	0.441	0.431	0.053	0.076
B |	0.146	0.293	0.434	0.127
C |	0.138	0.121	0.123	0.618
