
-- Initial Matrix --
A | 0.72
C | 0.28
B | 0.00
-- Transition Matrix --
	A	B	C
A |	0.8717	0.0006	0.1277
B |	0.6248	0.0044	0.3708
C |	0.1634	0.0003	0.8364
-- Emission Matrix --
	1	2	3	4
A |	0.432	0.435	0.069	0.065
B |	0.263	0.281	0.393	0.063
C |	0.139	0.146	0.190	0.524

-- Initial Matrix --
A | 0.69
C | 0.25
B | 0.06
-- Transition Matrix --
	A	B	C
A |	0.8698	0.0031	0.1271
B |	0.1351	0.8271	0.0378
C |	0.0441	0.0025	0.9534
-- Emission Matrix --
	1	2	3	4
A |	0.443	0.467	0.031	0.058
B |	0.287	0.658	0.039	0.016
C |	0.131	0.156	0.175	0.538
