
-- Initial Matrix --
A | 0.65
C | 0.21
B | 0.14
-- Transition Matrix --
	A	B	C
A |	0.8081	0.0803	0.1115
B |	0.4543	0.4029	0.1428
C |	0.1361	0.0974	0.7665
-- Emission Matrix --
	1	2	3	4
A |	0.466	0.443	0.035	0.056
B |	0.070	0.246	0.546	0.137
C |	0.130	0.110	0.128	0.632

-- Initial Matrix --
A | 0.65
C | 0.21
B | 0.14
-- Transition Matrix --
	A	B	C
A |	0.8082	0.0803	0.1114
B |	0.4546	0.4024	0.1430
C |	0.1355	0.0975	0.7670
-- Emission Matrix --
	1	2	3	4
A |	0.466	0.443	0.035	0.056
B |	0.070	0.246	0.545	0.138
C |	0.130	0.110	0.128	0.632
