
-- Initial Matrix --
A | 0.65
C | 0.20
B | 0.15
-- Transition Matrix --
	A	B	C
A |	0.8386	0.0541	0.1073
B |	0.1890	0.6540	0.1570
C |	0.1733	0.0853	0.7415
-- Emission Matrix --
	1	2	3	4
A |	0.432	0.438	0.073	0.058
B |	0.152	0.216	0.409	0.222
C |	0.126	0.142	0.102	0.630

-- Initial Matrix --
A | 0.62
C | 0.11
B | 0.26
-- Transition Matrix --
	A	B	C
A |	0.8243	0.0541	0.1216
B |	0.2575	0.6119	0.1306
C |	0.1741	0.0709	0.7550
-- Emission Matrix --
	1	2	3	4
A |	0.436	0.429	0.076	0.058
B |	0.118	0.211	0.434	0.237
C |	0.109	0.141	0.083	0.666
