
-- Initial Matrix --
A | 0.65
C | 0.21
B | 0.14
-- Transition Matrix --
	A	B	C
A |	0.8081	0.0803	0.1115
B |	0.4543	0.4029	0.1428
C |	0.1361	0.0974	0.7665
-- Emission Matrix --
	1	2	3	4
A |	0.466	0.443	0.035	0.056
B |	0.070	0.246	0.546	0.137
C |	0.130	0.110	0.128	0.632

-- Initial Matrix --
A | 0.65
C | 0.21
B | 0.14
-- Transition Matrix --
	A	B	C
A |	0.8081	0.0804	0.1116
B |	0.4546	0.4031	0.1424
C |	0.1362	0.0973	0.7665
-- Emission Matrix --
	1	2	3	4
A |	0.466	0.443	0.035	0.056
B |	0.070	0.246	0.547	0.137
C |	0.130	0.110	0.128	0.632
