
-- Initial Matrix --
A | 0.73
C | 0.25
B | 0.01
-- Transition Matrix --
	A	B	C
A |	0.8396	0.0141	0.1463
B |	0.7260	0.1262	0.1477
C |	0.1816	0.0060	0.8124
-- Emission Matrix --
	1	2	3	4
A |	0.447	0.435	0.073	0.044
B |	0.286	0.189	0.485	0.040
C |	0.140	0.117	0.195	0.548

-- Initial Matrix --
A | 0.73
C | 0.26
B | 0.02
-- Transition Matrix --
	A	B	C
A |	0.8413	0.0133	0.1454
B |	0.6788	0.1547	0.1665
C |	0.1790	0.0097	0.8113
-- Emission Matrix --
	1	2	3	4
A |	0.446	0.434	0.073	0.047
B |	0.297	0.223	0.444	0.035
C |	0.142	0.116	0.192	0.550
