
-- Initial Matrix --
A | 0.65
C | 0.21
B | 0.14
-- Transition Matrix --
	A	B	C
A |	0.8081	0.0803	0.1115
B |	0.4543	0.4029	0.1428
C |	0.1361	0.0974	0.7665
-- Emission Matrix --
	1	2	3	4
A |	0.466	0.443	0.035	0.056
B |	0.070	0.246	0.546	0.137
C |	0.130	0.110	0.128	0.632

-- Initial Matrix --
A | 0.50
C | 0.45
B | 0.05
-- Transition Matrix --
	A	B	C
A |	0.8371	0.0687	0.0942
B |	0.1965	0.5499	0.2536
C |	0.5536	0.0162	0.4302
-- Emission Matrix --
	1	2	3	4
A |	0.417	0.396	0.152	0.036
B |	0.081	0.516	0.001	0.402
C |	0.170	0.151	0.240	0.439
