
-- Initial Matrix --
A | 0.63
C | 0.24
B | 0.14
-- Transition Matrix --
	A	B	C
A |	0.8235	0.1042	0.0723
B |	0.4379	0.4310	0.1311
C |	0.0697	0.0687	0.8616
-- Emission Matrix --
	1	2	3	4
A |	0.422	0.451	0.037	0.091
B |	0.170	0.240	0.472	0.118
C |	0.167	0.136	0.128	0.569

-- Initial Matrix --
A | 0.58
C | 0.31
B | 0.11
-- Transition Matrix --
	A	B	C
A |	0.8436	0.0795	0.0769
B |	0.3423	0.3430	0.3147
C |	0.0740	0.0844	0.8416
-- Emission Matrix --
	1	2	3	4
A |	0.435	0.462	0.028	0.076
B |	0.139	0.292	0.415	0.155
C |	0.160	0.213	0.085	0.543
