
-- Initial Matrix --
A | 0.71
C | 0.29
B | 0.00
-- Transition Matrix --
	A	B	C
A |	0.8788	0.0000	0.1212
B |	0.9850	0.0000	0.0149
C |	0.1952	0.0000	0.8048
-- Emission Matrix --
	1	2	3	4
A |	0.426	0.460	0.075	0.040
B |	0.039	0.117	0.727	0.117
C |	0.122	0.135	0.179	0.564

-- Initial Matrix --
A | 0.71
C | 0.29
B | 0.00
-- Transition Matrix --
	A	B	C
A |	0.8788	0.0000	0.1212
B |	0.2383	0.6181	0.1436
C |	0.1951	0.0001	0.8048
-- Emission Matrix --
	1	2	3	4
A |	0.426	0.460	0.075	0.040
B |	0.268	0.218	0.500	0.014
C |	0.122	0.135	0.179	0.564
