
-- Initial Matrix --
A | 0.72
C | 0.28
B | 0.00
-- Transition Matrix --
	A	B	C
A |	0.8681	0.0000	0.1319
B |	0.3733	0.0000	0.6267
C |	0.2011	0.0000	0.7989
-- Emission Matrix --
	1	2	3	4
A |	0.458	0.401	0.091	0.049
B |	0.501	0.209	0.231	0.059
C |	0.145	0.120	0.166	0.570

-- Initial Matrix --
A | 0.74
C | 0.22
B | 0.04
-- Transition Matrix --
	A	B	C
A |	0.8532	0.0030	0.1438
B |	0.2168	0.7310	0.0522
C |	0.1713	0.0087	0.8200
-- Emission Matrix --
	1	2	3	4
A |	0.422	0.408	0.127	0.042
B |	0.276	0.209	0.098	0.417
C |	0.140	0.141	0.168	0.552
